0 22 0 28 0 0 0 0 0 0 0 0 0 0 0 0 0 0 0 0 0.0 0.0 0.0 0.0 0.0
0 0 8 47 0 0 0 0 0 0 38 0 0 0 0 14 0 0 0 0 4.74940632421 0.0 0.0 0.0 0.0
0 0 1 1 0 0 0 0 0 0 0 0 0 0 0 0 0 0 0 0 0.0 0.0 0.0 0.0 0.0
8 4 69 690 0 2 0 4 4 0 860 2 30 2 2 35 1 3 1 1 12.4635874842 0.0289850871726 0.43477630759 0.0289850871726 0.0289850871726
0 0 1 14 0 0 0 0 0 0 4 0 0 0 0 4 0 0 0 0 3.996003996 0.0 0.0 0.0 0.0
0 1 0 17 0 1 0 0 0 0 0 0 0 0 0 0 0 0 0 0 0.0 0.0 0.0 0.0 0.0
1 0 4 9 0 1 1 0 0 0 7 0 0 0 0 4 0 0 0 0 1.74956260935 0.0 0.0 0.0 0.0
3 7 13 27 0 0 0 9 0 0 14 0 0 0 0 4 0 0 0 0 1.07684024306 0.0 0.0 0.0 0.0
7 46 12 465 0 0 0 4 0 0 163 0 3 0 4 42 0 1 0 3 13.5822014832 0.0 0.249979168403 0.0 0.33330555787
21 0 15 42 0 1 0 0 0 0 224 3 11 3 4 153 3 7 2 2 14.9323378441 0.199986667555 0.733284447703 0.199986667555 0.266648890074
0 0 1 0 0 0 0 0 0 0 0 0 0 0 0 0 0 0 0 0 0.0 0.0 0.0 0.0 0.0
1 0 2 22 1 0 0 1 0 0 21 0 0 0 1 19 0 0 0 1 10.4947526237 0.0 0.0 0.0 0.499750124938
0 0 46 50 0 0 0 0 0 0 41 0 0 0 0 7 0 0 0 0 0.891284972066 0.0 0.0 0.0 0.0
0 1 2 7 0 0 0 0 0 0 2 0 0 0 0 1 0 0 0 0 0.999500249875 0.0 0.0 0.0 0.0
1 10 0 18 0 0 0 7 1 0 0 0 0 0 0 0 0 0 0 0 0.0 0.0 0.0 0.0 0.0
0 2 1 0 0 0 0 0 0 0 0 0 0 0 0 0 0 0 0 0 0.0 0.0 0.0 0.0 0.0
0 0 0 12 0 0 0 0 1 0 0 0 0 0 0 0 0 0 0 0 0.0 0.0 0.0 0.0 0.0
0 1 1 6 0 0 0 4 0 0 0 0 0 0 0 0 0 0 0 0 0.0 0.0 0.0 0.0 0.0
1 3 14 18 0 0 0 1 0 0 16 0 0 0 0 4 0 0 0 0 1.14277551603 0.0 0.0 0.0 0.0
0 0 0 13 0 0 0 0 0 0 0 0 0 0 0 0 0 0 0 0 0.0 0.0 0.0 0.0 0.0
0 32 0 66 0 0 0 0 0 0 0 0 0 0 0 0 0 0 0 0 0.0 0.0 0.0 0.0 0.0
0 5 1 1 0 0 0 0 0 0 2 0 0 0 0 2 0 0 0 0 1.998001998 0.0 0.0 0.0 0.0
0 0 1 0 0 0 0 0 0 0 0 0 0 0 0 0 0 0 0 0 0.0 0.0 0.0 0.0 0.0
0 0 0 14 0 0 0 0 0 0 0 0 0 0 0 0 0 0 0 0 0.0 0.0 0.0 0.0 0.0
0 4 0 17 0 0 0 0 0 0 0 0 0 0 0 0 0 0 0 0 0.0 0.0 0.0 0.0 0.0
1 0 1 2 0 0 0 0 0 0 3 0 0 0 0 3 0 0 0 0 2.997002997 0.0 0.0 0.0 0.0
0 0 1 1 0 0 0 0 0 0 0 0 0 0 0 0 0 0 0 0 0.0 0.0 0.0 0.0 0.0
0 3 1 0 0 0 0 0 0 0 0 0 0 0 0 0 0 0 0 0 0.0 0.0 0.0 0.0 0.0
0 1 0 12 0 0 0 0 0 0 0 0 0 0 0 0 0 0 0 0 0.0 0.0 0.0 0.0 0.0
0 6 4 24 0 0 1 2 0 0 1 0 0 0 0 1 0 0 0 0 0.249937515621 0.0 0.0 0.0 0.0
0 0 1 0 0 0 0 0 0 0 0 0 0 0 0 0 0 0 0 0 0.0 0.0 0.0 0.0 0.0
0 2 2 141 0 0 0 0 0 0 5 0 0 0 0 3 0 0 0 0 2.49875062469 0.0 0.0 0.0 0.0
3 9 115 215 0 1 1 0 0 0 257 2 1 2 3 19 2 1 1 1 2.23476317597 0.0173911531204 0.0086955765602 0.0173911531204 0.0260867296806
5 7 5 29 0 2 0 0 0 0 35 1 2 0 0 25 1 1 0 0 6.99860027994 0.199960007998 0.399920015997 0.0 0.0
0 5 1 5 0 1 0 0 0 0 0 0 0 0 0 0 0 0 0 0 0.0 0.0 0.0 0.0 0.0
9 0 8 73 0 0 0 0 0 0 96 0 0 0 4 23 0 0 0 3 11.9985001875 0.0 0.0 0.0 0.499937507812
0 1 3 3 0 0 0 0 0 0 3 0 0 0 0 2 0 0 0 0 0.999666777741 0.0 0.0 0.0 0.0
0 2 5 32 0 0 0 1 0 0 15 0 0 0 0 8 0 0 0 0 2.99940011998 0.0 0.0 0.0 0.0
0 0 96 90 0 0 0 0 0 0 86 0 0 0 0 3 0 0 0 0 0.895824001833 0.0 0.0 0.0 0.0
0 8 1 9 0 0 0 1 0 0 4 0 0 0 0 4 0 0 0 0 3.996003996 0.0 0.0 0.0 0.0
33 7 28 231 0 0 0 0 0 0 234 0 0 0 0 66 0 0 0 0 8.35684439841 0.0 0.0 0.0 0.0
0 4 1 2 0 0 0 0 0 0 2 0 0 0 0 2 0 0 0 0 1.998001998 0.0 0.0 0.0 0.0
0 1 1 3 0 0 0 0 0 0 1 0 0 0 0 1 0 0 0 0 0.999000999001 0.0 0.0 0.0 0.0
0 2 0 110 0 0 0 0 0 0 0 0 0 0 0 0 0 0 0 0 0.0 0.0 0.0 0.0 0.0
0 0 1 1 0 0 0 0 0 0 0 0 0 0 0 0 0 0 0 0 0.0 0.0 0.0 0.0 0.0
0 0 0 87 0 0 0 0 0 0 0 0 0 0 0 0 0 0 0 0 0.0 0.0 0.0 0.0 0.0
0 0 1 0 0 0 0 0 0 0 0 0 0 0 0 0 0 0 0 0 0.0 0.0 0.0 0.0 0.0
39 20 33 448 758 0 0 0 0 0 409 753 3 0 0 23 66 1 0 0 12.3935638314 22.8174903791 0.0909063361716 0.0 0.0
94 4 0 103 0 0 0 0 1 0 0 0 0 0 0 0 0 0 0 0 0.0 0.0 0.0 0.0 0.0
0 3 0 72 0 0 0 1 0 0 0 0 0 0 0 0 0 0 0 0 0.0 0.0 0.0 0.0 0.0
0 1 0 13 0 0 0 0 0 0 0 0 0 0 0 0 0 0 0 0 0.0 0.0 0.0 0.0 0.0
0 0 10 2 0 0 0 0 0 0 3 0 0 0 0 2 0 0 0 0 0.299970003 0.0 0.0 0.0 0.0
0 0 1 1 0 0 0 0 0 0 1 0 0 0 0 1 0 0 0 0 0.999000999001 0.0 0.0 0.0 0.0
15 19 216 377 0 0 0 0 0 0 1598 0 10 1 14 823 0 3 1 3 7.39811389762 0.0 0.0462960819626 0.00462960819626 0.0648145147476
9 4 7 19 0 0 0 0 0 0 96 0 2 0 5 36 0 2 0 3 13.7123268105 0.0 0.285673475218 0.0 0.714183688045
0 0 3 9 0 0 0 0 0 0 9 0 0 0 0 8 0 0 0 0 2.99900033322 0.0 0.0 0.0 0.0
0 1 0 29 0 0 0 0 0 0 0 0 0 0 0 0 0 0 0 0 0.0 0.0 0.0 0.0 0.0
1 1 70 82 0 0 0 0 0 0 83 0 0 0 0 8 0 0 0 0 1.18569734718 0.0 0.0 0.0 0.0
0 2 0 27 0 0 0 0 0 0 0 0 0 0 0 0 0 0 0 0 0.0 0.0 0.0 0.0 0.0
0 0 0 29 0 0 0 0 0 0 0 0 0 0 0 0 0 0 0 0 0.0 0.0 0.0 0.0 0.0
0 0 1 0 0 0 0 0 0 0 0 0 0 0 0 0 0 0 0 0 0.0 0.0 0.0 0.0 0.0
0 4 1 11 0 3 1 0 0 0 2 0 1 0 0 2 0 1 0 0 1.998001998 0.0 0.999000999001 0.0 0.0
0 0 1 3 0 0 0 0 0 0 3 0 0 0 0 3 0 0 0 0 2.997002997 0.0 0.0 0.0 0.0
0 2 2 11 0 0 0 0 0 0 1 0 0 0 0 1 0 0 0 0 0.499750124938 0.0 0.0 0.0 0.0
14 0 56 193 0 8 0 0 0 0 744 11 18 4 10 97 2 3 1 2 13.2854770451 0.196425063838 0.321422831735 0.0714272959411 0.178568239853
160 5 93 192 3 0 0 0 4 0 1510 16 18 4 79 120 3 5 1 8 16.236384555 0.172041160848 0.193546305954 0.0430102902119 0.849453231686
3 16 311 186 0 2 0 2 0 0 264 1 4 1 13 19 1 1 1 3 0.848871868579 0.00321542374462 0.0128616949785 0.00321542374462 0.04180050868
0 0 0 18 0 0 0 0 0 0 0 0 0 0 0 0 0 0 0 0 0.0 0.0 0.0 0.0 0.0
0 5 0 25 0 0 0 0 0 0 0 0 0 0 0 0 0 0 0 0 0.0 0.0 0.0 0.0 0.0
0 10 0 29 0 0 0 0 0 0 0 0 0 0 0 0 0 0 0 0 0.0 0.0 0.0 0.0 0.0
0 24 14 21 0 0 0 9 0 0 8 0 0 0 0 5 0 0 0 0 0.571387758017 0.0 0.0 0.0 0.0
0 0 3 5 0 0 0 0 0 0 6 0 0 0 0 3 0 0 0 0 1.99933355548 0.0 0.0 0.0 0.0
0 0 1 1 0 0 0 0 0 0 0 0 0 0 0 0 0 0 0 0 0.0 0.0 0.0 0.0 0.0
0 3 1 6 0 0 0 0 0 0 0 0 0 0 0 0 0 0 0 0 0.0 0.0 0.0 0.0 0.0
0 1 3 74 0 0 0 1 0 0 4 0 0 0 0 3 0 0 0 0 1.33288903699 0.0 0.0 0.0 0.0
0 1 1 3 0 0 0 0 0 0 0 0 0 0 0 0 0 0 0 0 0.0 0.0 0.0 0.0 0.0
1 9 4 13 0 0 0 0 1 0 45 0 0 0 0 36 0 0 0 0 11.2471882029 0.0 0.0 0.0 0.0
13 5 55 198 4 0 0 0 0 0 1721 7 1 0 23 926 6 1 0 15 31.2903401756 0.127270413265 0.0181814876093 0.0 0.418174215014
0 0 1 1 0 0 0 0 0 0 1 0 0 0 0 1 0 0 0 0 0.999000999001 0.0 0.0 0.0 0.0
0 1 12 0 0 0 0 0 0 0 3 0 0 0 0 2 0 0 0 0 0.249979168403 0.0 0.0 0.0 0.0
0 0 14 48 0 1 0 0 0 0 46 1 0 0 0 8 1 0 0 0 3.2854796086 0.0714234697522 0.0 0.0 0.0
0 0 1 3 0 0 0 0 0 0 3 0 0 0 0 3 0 0 0 0 2.997002997 0.0 0.0 0.0 0.0
0 0 27 5 0 2 0 0 0 0 5 0 2 0 0 1 0 1 0 0 0.185178326729 0.0 0.0740713306915 0.0 0.0
0 0 1 0 0 0 0 0 0 0 0 0 0 0 0 0 0 0 0 0 0.0 0.0 0.0 0.0 0.0
1 2 0 288 0 0 0 0 0 0 0 0 0 0 0 0 0 0 0 0 0.0 0.0 0.0 0.0 0.0
0 0 1 12 0 0 0 0 0 0 5 0 0 0 0 5 0 0 0 0 4.995004995 0.0 0.0 0.0 0.0
0 5 1 4 0 0 0 0 0 0 2 0 0 0 1 2 0 0 0 1 1.998001998 0.0 0.0 0.0 0.999000999001
0 0 1 0 0 1 0 0 0 0 0 0 1 0 0 0 0 1 0 0 0.0 0.0 0.999000999001 0.0 0.0
1 88 0 13 0 0 0 2 0 0 0 0 0 0 0 0 0 0 0 0 0.0 0.0 0.0 0.0 0.0
0 0 1 1 0 0 0 0 0 0 1 0 0 0 0 1 0 0 0 0 0.999000999001 0.0 0.0 0.0 0.0
0 0 1 0 0 0 0 0 0 0 0 0 0 0 0 0 0 0 0 0 0.0 0.0 0.0 0.0 0.0
0 0 1 0 0 0 0 0 0 0 0 0 0 0 0 0 0 0 0 0 0.0 0.0 0.0 0.0 0.0
0 0 1 1 0 0 0 0 0 0 0 0 0 0 0 0 0 0 0 0 0.0 0.0 0.0 0.0 0.0
2 3 0 24 0 0 0 0 1 0 0 0 0 0 0 0 0 0 0 0 0.0 0.0 0.0 0.0 0.0
0 0 1 5 0 0 0 0 0 0 3 0 0 0 0 3 0 0 0 0 2.997002997 0.0 0.0 0.0 0.0
3 16 4 45 0 0 0 21 0 0 5 0 0 0 0 2 0 0 0 0 1.24968757811 0.0 0.0 0.0 0.0
0 2 1 0 0 0 0 0 0 0 0 0 0 0 0 0 0 0 0 0 0.0 0.0 0.0 0.0 0.0
1 7 54 26 0 0 0 1 0 0 28 0 0 0 0 3 0 0 0 0 0.518508916502 0.0 0.0 0.0 0.0
0 0 4 1 0 0 0 0 0 0 2 0 0 0 0 2 0 0 0 0 0.499875031242 0.0 0.0 0.0 0.0
0 1 0 12 0 0 0 3 0 0 0 0 0 0 0 0 0 0 0 0 0.0 0.0 0.0 0.0 0.0
0 1 2 5 0 0 0 0 0 0 3 0 0 0 0 2 0 0 0 0 1.49925037481 0.0 0.0 0.0 0.0
0 0 0 13 0 0 0 0 0 0 0 0 0 0 0 0 0 0 0 0 0.0 0.0 0.0 0.0 0.0
0 0 1 1 0 0 0 0 0 0 0 0 0 0 0 0 0 0 0 0 0.0 0.0 0.0 0.0 0.0
0 1 1 1 0 0 0 0 0 0 0 0 0 0 0 0 0 0 0 0 0.0 0.0 0.0 0.0 0.0
0 0 1 3 0 0 0 2 0 0 0 0 0 0 0 0 0 0 0 0 0.0 0.0 0.0 0.0 0.0
0 0 0 18 0 0 0 0 0 0 0 0 0 0 0 0 0 0 0 0 0.0 0.0 0.0 0.0 0.0
0 0 1 1 0 0 0 0 0 0 0 0 0 0 0 0 0 0 0 0 0.0 0.0 0.0 0.0 0.0
2 11 104 330 0 1 0 1 1 0 340 1 3 1 1 17 1 1 1 1 3.26919933462 0.00961529216065 0.028845876482 0.00961529216065 0.00961529216065
0 0 1 1 0 0 0 0 0 0 0 0 0 0 0 0 0 0 0 0 0.0 0.0 0.0 0.0 0.0
0 2 9 2 0 0 0 0 0 0 4 0 0 0 0 2 0 0 0 0 0.444395067215 0.0 0.0 0.0 0.0
0 0 0 12 0 0 0 0 0 0 0 0 0 0 0 0 0 0 0 0 0.0 0.0 0.0 0.0 0.0
27 0 0 27 0 0 0 0 1 0 0 0 0 0 0 0 0 0 0 0 0.0 0.0 0.0 0.0 0.0
1 1 16 14 0 1 0 0 0 0 14 0 0 0 0 2 0 0 0 0 0.874945315918 0.0 0.0 0.0 0.0
7 2 7 122 0 1 0 4 0 0 133 1 3 0 10 56 1 3 0 4 18.997286102 0.142836737609 0.428510212827 0.0 1.42836737609
4 0 221 206 0 0 0 0 0 0 238 0 0 0 4 23 0 0 0 1 1.07691820399 0.0 0.0 0.0 0.0180994656133
