0 5 1 7 0 0 0 1 0 0 0 0 0 0 0 0 0 0 0 0 0.0 0.0 0.0 0.0 0.0
0 0 4 0 0 0 0 0 0 0 0 0 0 0 0 0 0 0 0 0 0.0 0.0 0.0 0.0 0.0
0 5 6 19 0 5 0 2 0 0 11 0 5 0 0 3 0 1 0 0 1.8330278287 0.0 0.833194467589 0.0 0.0
0 0 1 0 0 0 0 0 0 0 0 0 0 0 0 0 0 0 0 0 0.0 0.0 0.0 0.0 0.0
0 0 1 3 0 1 0 0 1 0 1 0 0 0 0 1 0 0 0 0 0.999000999001 0.0 0.0 0.0 0.0
0 1 1 3 0 0 0 0 0 0 0 0 0 0 0 0 0 0 0 0 0.0 0.0 0.0 0.0 0.0
4 7 64 265 2 33 0 0 0 0 270 3 35 0 0 17 2 2 0 0 4.21868408306 0.0468742675896 0.546866455212 0.0 0.0
24 2 24 32 0 0 0 0 0 0 39 0 0 0 0 5 0 0 0 0 1.62493229449 0.0 0.0 0.0 0.0
0 19 1 8 0 0 0 1 0 0 1 0 0 0 0 1 0 0 0 0 0.999000999001 0.0 0.0 0.0 0.0
24 2 68 1260 1524 16 0 0 0 0 959 1302 10 0 1 28 42 2 0 1 14.1027337833 19.1467772533 0.147056660931 0.0 0.0147056660931
1 0 1 1 0 0 0 0 0 0 1 0 0 0 0 1 0 0 0 0 0.999000999001 0.0 0.0 0.0 0.0
0 0 0 19 0 0 0 0 0 0 0 0 0 0 0 0 0 0 0 0 0.0 0.0 0.0 0.0 0.0
0 0 3 6 0 0 0 1 0 0 5 0 0 0 0 2 0 0 0 0 1.66611129623 0.0 0.0 0.0 0.0
0 0 1 10 0 0 0 0 0 0 1 0 0 0 0 1 0 0 0 0 0.999000999001 0.0 0.0 0.0 0.0
23 11 32 173 0 28 0 0 7 0 225 1 32 0 5 23 1 2 0 1 7.0310302803 0.031249023468 0.999968750977 0.0 0.15624511734
0 0 1 0 0 0 0 0 0 0 1 0 0 0 0 1 0 0 0 0 0.999000999001 0.0 0.0 0.0 0.0
0 0 3 7 0 0 0 0 0 0 5 0 0 0 1 2 0 0 0 1 1.66611129623 0.0 0.0 0.0 0.333222259247
8 16 3 6 0 0 0 1 1 0 4 0 0 0 0 2 0 0 0 0 1.33288903699 0.0 0.0 0.0 0.0
8 1 28 38 0 0 0 0 0 0 183 0 0 0 15 91 0 0 0 7 6.53548087568 0.0 0.0 0.0 0.535695153745
0 0 0 96 0 0 0 0 0 0 0 0 0 0 0 0 0 0 0 0 0.0 0.0 0.0 0.0 0.0
0 0 1 0 0 0 0 0 0 0 0 0 0 0 0 0 0 0 0 0 0.0 0.0 0.0 0.0 0.0
0 1 0 37 0 0 0 0 1 0 0 0 0 0 0 0 0 0 0 0 0.0 0.0 0.0 0.0 0.0
1 0 2 7 0 1 0 0 0 0 7 0 1 0 2 4 0 1 0 2 3.49825087456 0.0 0.499750124938 0.0 0.999500249875
0 0 30 40 0 1 0 0 0 0 33 0 1 0 0 4 0 1 0 0 1.09996333456 0.0 0.0333322222593 0.0 0.0
0 0 1 6 0 0 0 0 0 0 2 0 0 0 0 2 0 0 0 0 1.998001998 0.0 0.0 0.0 0.0
0 0 1 8 0 0 0 0 0 0 5 0 0 0 0 5 0 0 0 0 4.995004995 0.0 0.0 0.0 0.0
0 2 16 101 1 2 0 3 0 0 60 0 1 0 0 15 0 1 0 0 3.74976563965 0.0 0.0624960939941 0.0 0.0
0 13 0 18 0 0 0 0 0 0 0 0 0 0 0 0 0 0 0 0 0.0 0.0 0.0 0.0 0.0
16 5 43 539 689 32 0 0 1 0 564 461 56 0 0 38 25 2 0 0 13.1159740471 10.7206809144 1.30229529546 0.0 0.0
0 3 0 7 0 0 0 3 1 0 0 0 0 0 0 0 0 0 0 0 0.0 0.0 0.0 0.0 0.0
0 1 0 12 0 0 0 0 0 0 0 0 0 0 0 0 0 0 0 0 0.0 0.0 0.0 0.0 0.0
0 0 1 1 0 0 0 0 0 0 3 1 0 0 0 3 1 0 0 0 2.997002997 0.999000999001 0.0 0.0 0.0
0 0 1 1 0 0 0 0 0 0 0 0 0 0 0 0 0 0 0 0 0.0 0.0 0.0 0.0 0.0
0 0 1 0 0 0 0 0 0 0 0 0 0 0 0 0 0 0 0 0 0.0 0.0 0.0 0.0 0.0
0 0 1 4 0 0 0 3 0 0 2 0 0 0 0 2 0 0 0 0 1.998001998 0.0 0.0 0.0 0.0
0 0 1 0 0 0 0 0 0 0 0 0 0 0 0 0 0 0 0 0 0.0 0.0 0.0 0.0 0.0
25 5 25 101 0 2 0 5 1 0 291 4 2 0 15 181 2 1 0 7 11.6395344186 0.159993600256 0.079996800128 0.0 0.59997600096
2 0 1 9 0 0 0 0 0 0 1 0 0 0 0 1 0 0 0 0 0.999000999001 0.0 0.0 0.0 0.0
0 1 1 1 0 0 0 0 0 0 0 0 0 0 0 0 0 0 0 0 0.0 0.0 0.0 0.0 0.0
1 8 16 34 0 1 0 1 1 0 30 0 0 0 0 5 0 0 0 0 1.87488281982 0.0 0.0 0.0 0.0
0 0 1 5 0 1 0 0 0 0 0 0 1 0 0 0 0 1 0 0 0.0 0.0 0.999000999001 0.0 0.0
0 0 1 0 0 0 0 0 0 0 0 0 0 0 0 0 0 0 0 0 0.0 0.0 0.0 0.0 0.0
1 1 3 66 0 3 2 0 0 0 27 0 1 1 0 22 0 1 1 0 8.99700099967 0.0 0.333222259247 0.333222259247 0.0
0 0 1 2 0 0 0 0 0 0 1 0 0 0 0 1 0 0 0 0 0.999000999001 0.0 0.0 0.0 0.0
7 0 160 343 0 0 0 0 0 0 350 0 0 0 0 31 0 0 0 0 2.18748632821 0.0 0.0 0.0 0.0
0 8 0 34 0 0 0 0 0 0 0 0 0 0 0 0 0 0 0 0 0.0 0.0 0.0 0.0 0.0
0 0 0 24 0 0 0 0 0 0 0 0 0 0 0 0 0 0 0 0 0.0 0.0 0.0 0.0 0.0
1 2 147 519 0 0 0 0 0 0 495 0 0 0 2 17 0 0 0 1 3.36732403181 0.0 0.0 0.0 0.0136053496235
3 0 138 76 0 0 0 0 0 0 93 0 0 0 6 8 0 0 0 1 0.673908160086 0.0 0.0 0.0 0.043477945812
1 1 2 2 0 0 0 0 1 0 1 0 0 0 0 1 0 0 0 0 0.499750124938 0.0 0.0 0.0 0.0
0 0 1 1 0 0 0 0 0 0 2 0 0 0 0 2 0 0 0 0 1.998001998 0.0 0.0 0.0 0.0
0 1 1 3 0 0 0 0 0 0 0 0 0 0 0 0 0 0 0 0 0.0 0.0 0.0 0.0 0.0
0 15 6 27 0 0 0 0 0 0 21 0 0 0 0 7 0 0 0 0 3.49941676387 0.0 0.0 0.0 0.0
0 0 0 20 0 0 0 0 0 0 0 0 0 0 0 0 0 0 0 0 0.0 0.0 0.0 0.0 0.0
0 1 1 34 0 0 0 0 0 0 3 0 0 0 0 3 0 0 0 0 2.997002997 0.0 0.0 0.0 0.0
0 1 1 0 0 0 0 0 0 0 1 0 0 0 0 1 0 0 0 0 0.999000999001 0.0 0.0 0.0 0.0
0 0 283 87 0 5 0 0 0 0 70 0 5 0 2 5 0 1 0 1 0.247348949297 0.0 0.0176677820926 0.0 0.00706711283706
18 1 33 414 869 0 0 0 0 0 161 252 2 0 0 10 15 1 0 0 4.87864004121 7.63613223842 0.0606042241144 0.0 0.0
0 10 3 22 0 1 0 7 0 0 4 0 0 0 0 2 0 0 0 0 1.33288903699 0.0 0.0 0.0 0.0
4 23 0 14 0 0 0 0 0 0 0 0 0 0 0 0 0 0 0 0 0.0 0.0 0.0 0.0 0.0
0 0 0 23 0 0 0 0 0 0 0 0 0 0 0 0 0 0 0 0 0.0 0.0 0.0 0.0 0.0
0 0 1 2 0 0 0 0 0 0 1 0 0 0 0 1 0 0 0 0 0.999000999001 0.0 0.0 0.0 0.0
0 8 12 10 0 1 0 10 0 0 6 0 0 0 1 2 0 0 0 1 0.499958336805 0.0 0.0 0.0 0.0833263894675
5 20 118 242 0 36 0 0 1 0 242 3 36 0 0 9 1 1 0 0 2.05083007771 0.0254235133601 0.305082160321 0.0 0.0
0 0 1 0 0 0 0 0 0 0 0 0 0 0 0 0 0 0 0 0 0.0 0.0 0.0 0.0 0.0
0 0 1 0 0 0 0 0 0 0 0 0 0 0 0 0 0 0 0 0 0.0 0.0 0.0 0.0 0.0
10 4 0 19 0 1 0 0 0 0 0 0 0 0 0 0 0 0 0 0 0.0 0.0 0.0 0.0 0.0
1 0 15 13 0 0 0 2 0 0 71 0 1 0 1 51 0 1 0 1 4.73301779881 0.0 0.0666622225185 0.0 0.0666622225185
15 0 6 21 0 0 0 0 0 0 19 0 0 0 0 9 0 0 0 0 3.16613897684 0.0 0.0 0.0 0.0
0 3 7 14 0 1 0 1 0 0 13 0 1 0 0 6 0 1 0 0 1.85687758892 0.0 0.142836737609 0.0 0.0
14 4 138 490 0 13 0 0 0 0 475 1 14 0 0 67 1 2 0 0 3.44200404345 0.007246324302 0.101448540228 0.0 0.0
0 6 0 0 0 0 0 4 2 0 0 0 0 0 0 0 0 0 0 0 0.0 0.0 0.0 0.0 0.0
38 11 89 239 0 0 0 0 3 0 245 0 0 0 2 14 0 0 0 1 2.75277805867 0.0 0.0 0.0 0.0224716576218
0 4 0 18 0 0 0 3 0 0 0 0 0 0 0 0 0 0 0 0 0.0 0.0 0.0 0.0 0.0
0 0 35 49 0 0 0 0 0 0 46 0 0 0 0 5 0 0 0 0 1.31424816434 0.0 0.0 0.0 0.0
0 4 0 12 0 0 0 0 0 0 0 0 0 0 0 0 0 0 0 0 0.0 0.0 0.0 0.0 0.0
0 0 0 30 0 0 0 0 0 0 0 0 0 0 0 0 0 0 0 0 0.0 0.0 0.0 0.0 0.0
0 0 1 0 0 0 0 0 0 0 0 0 0 0 0 0 0 0 0 0 0.0 0.0 0.0 0.0 0.0
0 0 1 1 0 0 0 0 0 0 0 0 0 0 0 0 0 0 0 0 0.0 0.0 0.0 0.0 0.0
0 0 0 17 0 0 0 0 0 0 0 0 0 0 0 0 0 0 0 0 0.0 0.0 0.0 0.0 0.0
0 0 0 17 0 0 0 1 0 0 0 0 0 0 0 0 0 0 0 0 0.0 0.0 0.0 0.0 0.0
0 9 1 43 0 1 0 1 0 0 3 0 0 0 0 3 0 0 0 0 2.997002997 0.0 0.0 0.0 0.0
0 0 1 0 0 0 0 0 0 0 0 0 0 0 1 0 0 0 0 1 0.0 0.0 0.0 0.0 0.999000999001
0 3 8 9 0 0 0 0 0 0 10 0 0 0 0 2 0 0 0 0 1.24984376953 0.0 0.0 0.0 0.0
4 0 1 10 0 0 0 0 0 0 9 0 0 0 0 9 0 0 0 0 8.99100899101 0.0 0.0 0.0 0.0
9 4 10 68 2 0 0 0 0 0 50 0 0 0 1 8 0 0 0 1 4.99950005 0.0 0.0 0.0 0.0999900009999
0 0 2 0 0 1 0 0 0 0 0 0 1 0 0 0 0 1 0 0 0.0 0.0 0.499750124938 0.0 0.0
0 0 0 21 0 0 0 0 0 0 0 0 0 0 0 0 0 0 0 0 0.0 0.0 0.0 0.0 0.0
0 0 1 0 0 0 0 0 0 0 0 0 0 0 0 0 0 0 0 0 0.0 0.0 0.0 0.0 0.0
0 0 2 3 0 0 0 0 0 0 3 0 0 0 0 3 0 0 0 0 1.49925037481 0.0 0.0 0.0 0.0
1 11 149 234 2 9 0 0 0 0 241 4 10 0 2 18 4 1 0 1 1.61743880914 0.026845457413 0.0671136435326 0.0 0.0134227287065
1 29 2 25 0 0 0 2 0 0 4 0 0 0 0 4 0 0 0 0 1.99900049975 0.0 0.0 0.0 0.0
19 22 78 489 0 3 0 1 2 0 618 0 5 0 3 72 0 1 0 2 7.92297534647 0.0 0.0641017422854 0.0 0.0384610453712
0 0 1 1 0 0 0 0 0 0 0 0 0 0 0 0 0 0 0 0 0.0 0.0 0.0 0.0 0.0
0 4 12 17 0 0 0 0 0 0 18 0 0 0 0 6 0 0 0 0 1.49987501042 0.0 0.0 0.0 0.0
1 2 20 43 0 0 0 2 0 0 44 0 0 0 0 8 0 0 0 0 2.1998900055 0.0 0.0 0.0 0.0
6 2 1 28 0 0 0 0 0 0 20 0 0 0 0 20 0 0 0 0 19.98001998 0.0 0.0 0.0 0.0
0 1 39 18 0 1 0 0 0 0 19 0 1 0 0 4 0 1 0 0 0.487166995718 0.0 0.0256403681957 0.0 0.0
0 0 9 6 0 0 0 0 0 0 5 0 0 0 0 2 0 0 0 0 0.555493834018 0.0 0.0 0.0 0.0
0 31 1 21 0 1 0 0 0 0 1 0 0 0 0 1 0 0 0 0 0.999000999001 0.0 0.0 0.0 0.0
0 0 12 14 0 0 0 0 0 0 15 0 0 0 0 2 0 0 0 0 1.24989584201 0.0 0.0 0.0 0.0
0 0 0 16 0 0 0 0 0 0 0 0 0 0 0 0 0 0 0 0 0.0 0.0 0.0 0.0 0.0
0 0 1 0 0 0 0 0 0 0 0 0 0 0 0 0 0 0 0 0 0.0 0.0 0.0 0.0 0.0
141 102 98 296 0 0 0 0 0 0 239 0 0 0 0 9 0 0 0 0 2.43875062499 0.0 0.0 0.0 0.0
0 0 0 20 0 0 0 0 0 0 0 0 0 0 0 0 0 0 0 0 0.0 0.0 0.0 0.0 0.0
2 0 6 34 0 0 0 0 0 0 90 0 1 0 3 49 0 1 0 2 14.9975004166 0.0 0.166638893518 0.0 0.499916680553
0 2 0 0 0 0 0 8 0 0 0 0 0 0 0 0 0 0 0 0 0.0 0.0 0.0 0.0 0.0
0 7 0 46 0 0 0 0 0 0 0 0 0 0 0 0 0 0 0 0 0.0 0.0 0.0 0.0 0.0
1 2 4 6 0 0 0 0 0 0 6 0 0 0 0 3 0 0 0 0 1.49962509373 0.0 0.0 0.0 0.0
4 1 1 4 0 0 0 0 0 0 2 0 0 0 0 2 0 0 0 0 1.998001998 0.0 0.0 0.0 0.0
0 0 4 10 0 1 0 0 0 0 10 0 1 0 0 4 0 1 0 0 2.49937515621 0.0 0.249937515621 0.0 0.0
3 2 93 105 0 0 0 0 0 0 104 0 0 0 4 11 0 0 0 1 1.11826754551 0.0 0.0 0.0 0.0430102902119
0 9 4 40 0 0 0 0 0 0 12 0 0 0 1 8 0 0 0 1 2.99925018745 0.0 0.0 0.0 0.249937515621
0 0 0 16 0 0 0 0 0 0 0 0 0 0 0 0 0 0 0 0 0.0 0.0 0.0 0.0 0.0
1 0 76 59 0 0 0 0 0 0 99 0 0 0 0 8 0 0 0 0 1.30261443928 0.0 0.0 0.0 0.0
0 8 1 1 0 0 0 0 0 0 0 0 0 0 0 0 0 0 0 0 0.0 0.0 0.0 0.0 0.0
0 2 1 3 0 0 0 0 0 0 0 0 0 0 0 0 0 0 0 0 0.0 0.0 0.0 0.0 0.0
0 0 1 0 0 0 0 0 0 0 0 0 0 0 0 0 0 0 0 0 0.0 0.0 0.0 0.0 0.0
0 0 1 0 0 0 0 0 0 0 0 0 0 0 0 0 0 0 0 0 0.0 0.0 0.0 0.0 0.0
0 4 24 18 0 0 0 0 0 0 12 0 0 0 0 3 0 0 0 0 0.499979167535 0.0 0.0 0.0 0.0
0 0 1 5 0 0 0 0 0 0 3 0 0 0 0 3 0 0 0 0 2.997002997 0.0 0.0 0.0 0.0
0 38 13 40 0 0 0 2 0 0 27 0 0 0 0 4 0 0 0 0 2.0767633259 0.0 0.0 0.0 0.0
0 0 0 17 0 0 0 0 0 0 0 0 0 0 0 0 0 0 0 0 0.0 0.0 0.0 0.0 0.0
7 15 184 305 0 37 0 0 0 0 299 0 37 0 10 12 0 1 0 2 1.62499116853 0.0 0.201085863664 0.0 0.0543475307199
3 5 7 16 0 0 0 0 0 0 107 0 0 0 4 34 0 0 0 3 15.2835309242 0.0 0.0 0.0 0.571346950436
1 1 8 37 0 1 0 0 0 0 14 0 1 0 0 5 0 1 0 0 1.74978127734 0.0 0.124984376953 0.0 0.0
0 2 1 5 0 0 0 0 1 0 2 0 0 0 0 2 0 0 0 0 1.998001998 0.0 0.0 0.0 0.0
0 6 6 27 0 0 0 3 0 0 7 0 0 0 0 5 0 0 0 0 1.16647225462 0.0 0.0 0.0 0.0
0 0 1 1 0 0 0 0 0 0 2 0 0 0 0 2 0 0 0 0 1.998001998 0.0 0.0 0.0 0.0
900 18 79 354 0 2 0 0 8 0 740 15 15 3 21 96 2 1 1 4 9.36697003835 0.189871014291 0.189871014291 0.0379742028582 0.265819420007
0 32 12 19 1 0 0 3 0 0 24 1 0 0 0 7 1 0 0 0 1.99983334722 0.0833263894675 0.0 0.0 0.0
0 3 0 0 0 0 0 5 0 0 0 0 0 0 0 0 0 0 0 0 0.0 0.0 0.0 0.0 0.0
0 2 1 3 0 0 0 0 5 0 2 0 0 0 0 2 0 0 0 0 1.998001998 0.0 0.0 0.0 0.0
0 10 3 122 0 0 0 4 0 0 1 0 0 0 0 1 0 0 0 0 0.333222259247 0.0 0.0 0.0 0.0
17 22 27 17 0 0 0 0 0 0 20 0 0 0 0 7 0 0 0 0 0.740713306915 0.0 0.0 0.0 0.0
0 0 9 55 0 0 0 0 0 0 10 0 0 0 0 3 0 0 0 0 1.11098766804 0.0 0.0 0.0 0.0
0 1 1 4 0 0 0 0 0 0 0 0 0 0 0 0 0 0 0 0 0.0 0.0 0.0 0.0 0.0
2 3 1 5 0 0 0 1 0 0 0 0 0 0 0 0 0 0 0 0 0.0 0.0 0.0 0.0 0.0
0 21 9 19 0 0 0 10 0 0 4 0 0 0 0 2 0 0 0 0 0.444395067215 0.0 0.0 0.0 0.0
0 0 5 17 0 4 0 0 0 0 16 0 3 0 0 6 0 1 0 0 3.19936012797 0.0 0.599880023995 0.0 0.0
0 0 1 1 0 1 0 0 0 0 1 0 1 0 0 1 0 1 0 0 0.999000999001 0.0 0.999000999001 0.0 0.0
0 0 10 4 0 1 0 1 0 0 1 0 0 0 0 1 0 0 0 0 0.0999900009999 0.0 0.0 0.0 0.0
0 0 1 0 0 0 0 0 0 0 0 0 0 0 0 0 0 0 0 0 0.0 0.0 0.0 0.0 0.0
0 0 1 1 0 0 0 0 0 0 0 0 0 0 0 0 0 0 0 0 0.0 0.0 0.0 0.0 0.0
1 5 7 29 0 7 0 1 0 0 18 0 3 0 1 5 0 1 0 1 2.57106127696 0.0 0.428510212827 0.0 0.142836737609
11 8 0 21 0 0 0 0 0 0 0 0 0 0 0 0 0 0 0 0 0.0 0.0 0.0 0.0 0.0
0 1 1 0 0 0 0 0 0 0 0 0 0 0 0 0 0 0 0 0 0.0 0.0 0.0 0.0 0.0
0 0 2 8 0 0 0 0 0 0 4 0 0 0 0 3 0 0 0 0 1.99900049975 0.0 0.0 0.0 0.0
0 6 0 26 0 0 0 11 0 0 0 0 0 0 0 0 0 0 0 0 0.0 0.0 0.0 0.0 0.0
0 2 1 5 0 0 0 0 0 0 0 0 0 0 0 0 0 0 0 0 0.0 0.0 0.0 0.0 0.0
0 0 1 4 0 0 0 0 0 0 1 0 0 0 0 1 0 0 0 0 0.999000999001 0.0 0.0 0.0 0.0
0 0 1 3 0 0 0 0 0 0 3 0 0 0 0 3 0 0 0 0 2.997002997 0.0 0.0 0.0 0.0
0 0 0 11 0 0 0 0 0 0 0 0 0 0 0 0 0 0 0 0 0.0 0.0 0.0 0.0 0.0
1 3 18 9 0 0 0 1 0 0 5 0 0 0 0 3 0 0 0 0 0.277762346536 0.0 0.0 0.0 0.0
0 4 1 0 0 0 0 0 0 0 1 0 0 0 0 1 0 0 0 0 0.999000999001 0.0 0.0 0.0 0.0
1 2 13 17 0 1 0 0 0 0 18 0 1 0 0 6 0 1 0 0 1.38450888393 0.0 0.0769171602184 0.0 0.0
1 0 1 2 0 0 0 0 0 0 1 0 0 0 0 1 0 0 0 0 0.999000999001 0.0 0.0 0.0 0.0
6 0 39 69 0 0 0 0 1 0 70 0 0 0 0 16 0 0 0 0 1.7948257737 0.0 0.0 0.0 0.0
5 5 0 31 0 0 0 0 0 0 0 0 0 0 0 0 0 0 0 0 0.0 0.0 0.0 0.0 0.0
0 0 1 0 0 0 0 0 0 0 0 0 0 0 0 0 0 0 0 0 0.0 0.0 0.0 0.0 0.0
3 1 1 1 0 0 0 0 0 0 1 0 0 0 0 1 0 0 0 0 0.999000999001 0.0 0.0 0.0 0.0
21 5 8 42 0 2 0 0 0 0 25 0 3 0 3 5 0 1 0 2 3.12460942382 0.0 0.374953130859 0.0 0.374953130859
0 1 1 1 0 0 0 0 0 0 1 0 0 0 0 1 0 0 0 0 0.999000999001 0.0 0.0 0.0 0.0
34 50 5 88 0 0 0 1 0 0 20 0 0 0 0 7 0 0 0 0 3.99920015997 0.0 0.0 0.0 0.0
0 1 0 16 0 0 0 0 0 0 0 0 0 0 0 0 0 0 0 0 0.0 0.0 0.0 0.0 0.0
0 9 12 101 0 3 0 1 0 0 30 0 1 0 0 11 0 1 0 0 2.49979168403 0.0 0.0833263894675 0.0 0.0
1 24 157 188 0 0 0 0 2 0 191 0 0 0 0 7 0 0 0 0 1.21655276081 0.0 0.0 0.0 0.0
0 0 6 46 0 0 0 0 0 0 46 0 0 0 0 12 0 0 0 0 7.66538910182 0.0 0.0 0.0 0.0
0 0 4 4 0 0 0 0 0 0 4 0 0 0 0 1 0 0 0 0 0.999750062484 0.0 0.0 0.0 0.0
0 0 1 1 0 0 0 0 0 0 0 0 0 0 0 0 0 0 0 0 0.0 0.0 0.0 0.0 0.0
0 0 2 1 0 0 0 0 0 0 0 0 0 0 0 0 0 0 0 0 0.0 0.0 0.0 0.0 0.0
0 0 10 9 0 1 0 0 0 0 8 0 1 0 0 2 0 1 0 0 0.799920007999 0.0 0.0999900009999 0.0 0.0
0 0 0 16 0 0 0 0 0 0 0 0 0 0 0 0 0 0 0 0 0.0 0.0 0.0 0.0 0.0
4 4 15 67 0 0 0 0 1 0 67 0 0 0 0 21 0 0 0 0 4.46636890874 0.0 0.0 0.0 0.0
0 0 1 2 0 0 0 0 0 0 0 0 0 0 0 0 0 0 0 0 0.0 0.0 0.0 0.0 0.0
0 0 1 3 0 0 0 0 0 0 3 0 0 0 0 3 0 0 0 0 2.997002997 0.0 0.0 0.0 0.0
0 15 17 35 0 0 0 6 0 0 16 0 0 0 0 2 0 0 0 0 0.941121110523 0.0 0.0 0.0 0.0
0 0 0 11 0 0 0 0 0 0 0 0 0 0 0 0 0 0 0 0 0.0 0.0 0.0 0.0 0.0
0 1 1 14 0 0 0 0 0 0 0 0 0 0 0 0 0 0 0 0 0.0 0.0 0.0 0.0 0.0
102 110 229 997 67 1 0 46 0 0 1689 46 14 2 135 225 10 3 1 15 7.37551364405 0.200872485273 0.0611351042135 0.00873358631622 0.589517076345
0 3 0 14 0 0 0 0 0 0 0 0 0 0 0 0 0 0 0 0 0.0 0.0 0.0 0.0 0.0
0 6 22 12 0 0 0 0 0 0 11 0 0 0 0 2 0 0 0 0 0.49997727376 0.0 0.0 0.0 0.0
0 0 0 51 0 0 0 0 0 0 0 0 0 0 0 0 0 0 0 0 0.0 0.0 0.0 0.0 0.0
0 1 0 11 0 0 0 0 0 0 0 0 0 0 0 0 0 0 0 0 0.0 0.0 0.0 0.0 0.0
0 5 20 19 0 0 0 0 0 0 18 0 0 0 0 2 0 0 0 0 0.89995500225 0.0 0.0 0.0 0.0
0 1 0 12 0 0 0 0 0 0 0 0 0 0 0 0 0 0 0 0 0.0 0.0 0.0 0.0 0.0
0 0 0 93 0 1 1 0 0 0 0 0 0 0 0 0 0 0 0 0 0.0 0.0 0.0 0.0 0.0
0 1 1 3 0 1 0 0 0 0 1 0 0 0 0 1 0 0 0 0 0.999000999001 0.0 0.0 0.0 0.0
62 46 40 632 455 11 0 0 0 0 512 580 23 1 21 36 45 2 1 18 12.799680008 14.4996375091 0.574985625359 0.0249993750156 0.524986875328
8 3 1 3 0 0 0 0 0 0 2 0 0 0 0 2 0 0 0 0 1.998001998 0.0 0.0 0.0 0.0
1 9 7 28 0 0 0 0 0 0 44 0 0 0 0 25 0 0 0 0 6.28481645479 0.0 0.0 0.0 0.0
0 0 0 67 0 0 0 2 0 0 0 0 0 0 0 0 0 0 0 0 0.0 0.0 0.0 0.0 0.0
0 3 13 35 0 0 0 0 0 0 35 0 0 0 0 12 0 0 0 0 2.69210060765 0.0 0.0 0.0 0.0
0 17 0 36 0 5 0 24 0 0 0 0 0 0 0 0 0 0 0 0 0.0 0.0 0.0 0.0 0.0
0 1 0 64 0 0 0 0 0 0 0 0 0 0 0 0 0 0 0 0 0.0 0.0 0.0 0.0 0.0
0 11 1 29 0 1 0 3 0 0 8 0 1 0 0 8 0 1 0 0 7.99200799201 0.0 0.999000999001 0.0 0.0
0 4 1 1 0 0 0 0 0 0 0 0 0 0 0 0 0 0 0 0 0.0 0.0 0.0 0.0 0.0
3 2 2 2 0 0 0 0 0 0 2 0 0 0 0 1 0 0 0 0 0.999500249875 0.0 0.0 0.0 0.0
6 10 50 179 0 0 0 0 1 0 210 0 0 3 0 37 0 0 1 0 4.19991600168 0.0 0.0 0.059998800024 0.0
0 1 7 10 0 0 0 0 0 0 7 0 0 0 0 3 0 0 0 0 0.999857163262 0.0 0.0 0.0 0.0
4 7 0 44 0 0 0 0 0 0 0 0 0 0 0 0 0 0 0 0 0.0 0.0 0.0 0.0 0.0
0 1 1 1 0 0 0 0 0 0 1 0 0 0 0 1 0 0 0 0 0.999000999001 0.0 0.0 0.0 0.0
1 0 1 0 0 0 0 0 0 0 2 0 0 0 0 2 0 0 0 0 1.998001998 0.0 0.0 0.0 0.0
7 8 4 677 28 2 0 4 81 0 14 1 0 0 0 6 1 0 0 0 3.4991252187 0.249937515621 0.0 0.0 0.0
3 0 2 4 0 0 0 0 0 0 2 0 0 0 0 1 0 0 0 0 0.999500249875 0.0 0.0 0.0 0.0
0 0 0 14 0 0 0 0 0 0 0 0 0 0 0 0 0 0 0 0 0.0 0.0 0.0 0.0 0.0
2 1 13 157 0 9 0 4 3 0 105 0 9 0 2 31 0 1 0 1 8.07630182294 0.0 0.692254441966 0.0 0.153834320437
1 1 1 4 0 0 0 0 0 0 2 0 0 0 0 2 0 0 0 0 1.998001998 0.0 0.0 0.0 0.0
1 1 0 31 0 0 3 0 0 0 0 0 0 0 0 0 0 0 0 0 0.0 0.0 0.0 0.0 0.0
0 6 1 0 0 0 0 0 0 0 0 0 0 0 0 0 0 0 0 0 0.0 0.0 0.0 0.0 0.0
0 16 0 31 0 0 0 0 0 0 0 0 0 0 0 0 0 0 0 0 0.0 0.0 0.0 0.0 0.0
0 13 0 33 0 0 0 0 0 0 0 0 0 0 0 0 0 0 0 0 0.0 0.0 0.0 0.0 0.0
0 6 0 23 0 1 0 0 2 0 0 0 0 0 0 0 0 0 0 0 0.0 0.0 0.0 0.0 0.0
0 0 1 6 0 0 0 0 0 0 6 0 0 0 0 6 0 0 0 0 5.99400599401 0.0 0.0 0.0 0.0
0 0 1 6 0 2 0 0 0 0 0 0 0 0 0 0 0 0 0 0 0.0 0.0 0.0 0.0 0.0
2 6 15 103 0 2 0 1 0 0 109 1 3 0 1 37 1 2 0 1 7.26618225452 0.0666622225185 0.199986667555 0.0 0.0666622225185
3 1 15 53 0 0 0 0 0 0 68 0 1 0 2 27 0 1 0 1 4.53303113126 0.0 0.0666622225185 0.0 0.133324445037
14 4 145 221 0 0 0 0 0 0 264 1 1 0 3 9 1 1 0 2 1.82067709878 0.00689650416204 0.00689650416204 0.0 0.0206895124861
0 0 1 1 0 0 0 0 0 0 1 0 0 0 0 1 0 0 0 0 0.999000999001 0.0 0.0 0.0 0.0
1 2 1 4 0 0 0 0 0 0 1 0 0 0 0 1 0 0 0 0 0.999000999001 0.0 0.0 0.0 0.0
1 0 1 4 0 0 0 0 0 0 1 0 0 0 0 1 0 0 0 0 0.999000999001 0.0 0.0 0.0 0.0
0 0 0 16 0 0 0 0 0 0 0 0 0 0 0 0 0 0 0 0 0.0 0.0 0.0 0.0 0.0
1 9 24 25 0 0 0 0 0 0 32 0 0 0 0 3 0 0 0 0 1.33327778009 0.0 0.0 0.0 0.0
0 1 1 2 0 0 0 1 0 0 0 0 0 0 0 0 0 0 0 0 0.0 0.0 0.0 0.0 0.0
0 1 0 38 0 0 0 0 0 0 0 0 0 0 0 0 0 0 0 0 0.0 0.0 0.0 0.0 0.0
0 3 3 28 0 0 0 3 0 0 4 0 0 0 0 3 0 0 0 0 1.33288903699 0.0 0.0 0.0 0.0
0 0 1 1 0 0 0 0 0 0 1 0 0 0 0 1 0 0 0 0 0.999000999001 0.0 0.0 0.0 0.0
0 1 4 7 0 0 0 0 1 0 4 0 0 0 0 2 0 0 0 0 0.999750062484 0.0 0.0 0.0 0.0
0 5 2 66 0 0 0 0 0 0 7 0 0 0 1 5 0 0 0 1 3.49825087456 0.0 0.0 0.0 0.499750124938
0 0 6 19 5 1 0 0 0 0 15 5 1 0 0 4 5 1 0 0 2.49958340277 0.833194467589 0.166638893518 0.0 0.0
0 1 31 57 0 0 0 15 0 0 33 0 0 0 1 6 0 0 0 1 1.06448179091 0.0 0.0 0.0 0.032257023967
0 0 1 0 0 0 0 0 0 0 0 0 0 0 0 0 0 0 0 0 0.0 0.0 0.0 0.0 0.0
0 1 0 51 0 0 0 0 0 0 0 0 0 0 0 0 0 0 0 0 0.0 0.0 0.0 0.0 0.0
11 9 129 200 0 3 1 0 1 0 217 0 4 0 4 12 0 1 0 2 1.68215750266 0.0 0.0310075115697 0.0 0.0310075115697
6 49 82 114 0 1 0 0 0 0 106 0 1 0 1 8 0 1 0 1 1.2926671626 0.0 0.012194973232 0.0 0.012194973232
0 0 0 15 0 0 0 0 0 0 0 0 0 0 0 0 0 0 0 0 0.0 0.0 0.0 0.0 0.0
0 1 1 1 0 0 0 0 0 0 0 0 0 0 0 0 0 0 0 0 0.0 0.0 0.0 0.0 0.0
0 0 3 2 0 0 0 0 0 0 1 0 0 0 0 1 0 0 0 0 0.333222259247 0.0 0.0 0.0 0.0
0 3 181 332 0 1 0 1 0 0 325 0 1 0 0 8 0 1 0 0 1.79557019022 0.0 0.00552483135452 0.0 0.0
0 7 0 79 0 1 1 11 0 0 0 0 0 0 0 0 0 0 0 0 0.0 0.0 0.0 0.0 0.0
0 0 2 4 0 0 0 0 0 0 4 0 0 0 0 3 0 0 0 0 1.99900049975 0.0 0.0 0.0 0.0
0 4 0 36 0 0 0 0 0 0 0 0 0 0 0 0 0 0 0 0 0.0 0.0 0.0 0.0 0.0
0 0 1 2 0 0 0 0 0 0 0 0 0 0 0 0 0 0 0 0 0.0 0.0 0.0 0.0 0.0
0 12 1 0 0 0 0 0 0 0 0 0 0 0 0 0 0 0 0 0 0.0 0.0 0.0 0.0 0.0
0 1 1 15 0 0 0 0 0 0 4 0 0 0 0 4 0 0 0 0 3.996003996 0.0 0.0 0.0 0.0
72 152 55 1161 1081 13 0 0 0 0 786 796 20 0 12 52 33 2 0 2 14.2906492609 14.472464137 0.363629752186 0.0 0.218177851312
0 0 0 51 0 1 0 0 0 0 0 0 0 0 0 0 0 0 0 0 0.0 0.0 0.0 0.0 0.0
0 0 0 17 0 0 0 0 0 0 0 0 0 0 0 0 0 0 0 0 0.0 0.0 0.0 0.0 0.0
0 2 19 33 0 0 0 0 0 0 33 0 0 0 0 8 0 0 0 0 1.73675069733 0.0 0.0 0.0 0.0
0 3 1 9 0 0 0 0 0 0 8 0 0 0 1 8 0 0 0 1 7.99200799201 0.0 0.0 0.0 0.999000999001
1 1 0 11 0 0 0 0 0 0 0 0 0 0 0 0 0 0 0 0 0.0 0.0 0.0 0.0 0.0
19 14 581 392 17 28 0 0 1 0 514 17 28 0 9 7 1 1 0 1 0.884680060792 0.0292598463686 0.0481926881365 0.0 0.015490506901
14 11 4 15 0 0 0 0 0 0 7 0 0 0 0 2 0 0 0 0 1.74956260935 0.0 0.0 0.0 0.0
1 1 1 4 0 0 0 0 0 0 8 0 0 0 0 8 0 0 0 0 7.99200799201 0.0 0.0 0.0 0.0
0 0 1 0 0 0 0 0 0 0 0 0 0 0 0 0 0 0 0 0 0.0 0.0 0.0 0.0 0.0
0 1 20 49 0 2 0 1 0 0 43 0 0 0 0 5 0 0 0 0 2.14989250537 0.0 0.0 0.0 0.0
0 2 1 0 0 0 0 0 0 0 0 0 0 0 0 0 0 0 0 0 0.0 0.0 0.0 0.0 0.0
6 6 1 8 0 0 0 0 0 0 9 0 0 0 0 9 0 0 0 0 8.99100899101 0.0 0.0 0.0 0.0
15 2 799 699 0 0 0 0 0 0 836 1 2 1 10 9 1 1 1 1 1.04630657534 0.00125156288916 0.00250312577832 0.00125156288916 0.0125156288916
0 0 2 2 0 0 0 0 0 0 1 0 0 0 0 1 0 0 0 0 0.499750124938 0.0 0.0 0.0 0.0
0 0 0 53 0 0 0 0 0 0 0 0 0 0 0 0 0 0 0 0 0.0 0.0 0.0 0.0 0.0
0 1 16 18 0 0 0 0 0 0 20 0 0 0 0 5 0 0 0 0 1.24992187988 0.0 0.0 0.0 0.0
0 11 85 22 0 0 0 2 0 0 28 0 0 0 2 3 0 0 0 2 0.329407889319 0.0 0.0 0.0 0.0235291349514
2 32 75 113 0 0 0 18 1 0 111 0 1 0 10 6 0 1 0 2 1.47998026693 0.0 0.0133331555579 0.0 0.133331555579
0 0 1 0 0 0 0 0 0 0 0 0 0 0 0 0 0 0 0 0 0.0 0.0 0.0 0.0 0.0
0 8 4 24 0 0 0 3 0 0 3 0 0 0 0 2 0 0 0 0 0.749812546863 0.0 0.0 0.0 0.0
0 0 1 0 0 0 0 0 0 0 0 0 0 0 0 0 0 0 0 0 0.0 0.0 0.0 0.0 0.0
0 1 1 2 0 0 0 0 1 0 0 0 0 0 0 0 0 0 0 0 0.0 0.0 0.0 0.0 0.0
0 0 1 9 0 0 0 0 0 0 0 0 0 0 0 0 0 0 0 0 0.0 0.0 0.0 0.0 0.0
6 1 2 1 0 0 0 0 0 0 1 0 0 0 0 1 0 0 0 0 0.499750124938 0.0 0.0 0.0 0.0
0 0 1 0 0 0 0 0 0 0 1 0 0 0 0 1 0 0 0 0 0.999000999001 0.0 0.0 0.0 0.0
0 0 1 1 0 0 0 0 0 0 1 0 0 0 0 1 0 0 0 0 0.999000999001 0.0 0.0 0.0 0.0
1 3 1 1 0 0 0 0 0 0 1 0 0 0 0 1 0 0 0 0 0.999000999001 0.0 0.0 0.0 0.0
0 0 1 0 0 0 0 0 0 0 0 0 0 0 0 0 0 0 0 0 0.0 0.0 0.0 0.0 0.0
0 0 0 25 0 0 0 0 0 0 0 0 0 0 0 0 0 0 0 0 0.0 0.0 0.0 0.0 0.0
2 2 40 55 0 0 0 0 0 0 49 0 0 0 1 4 0 0 0 1 1.22496937577 0.0 0.0 0.0 0.0249993750156
0 1 1 0 0 0 0 0 0 0 0 0 0 0 0 0 0 0 0 0 0.0 0.0 0.0 0.0 0.0
0 0 0 13 0 0 0 0 0 0 0 0 0 0 0 0 0 0 0 0 0.0 0.0 0.0 0.0 0.0
1 1 1 0 0 0 0 0 0 0 0 0 0 0 0 0 0 0 0 0 0.0 0.0 0.0 0.0 0.0
2 6 2 15 0 0 0 0 0 0 6 0 0 0 0 3 0 0 0 0 2.99850074963 0.0 0.0 0.0 0.0
0 3 2 32 0 0 0 3 0 0 4 0 0 0 0 4 0 0 0 0 1.99900049975 0.0 0.0 0.0 0.0
5 8 9 15 0 0 0 0 0 0 10 0 0 0 1 3 0 0 0 1 1.11098766804 0.0 0.0 0.0 0.111098766804
0 0 21 26 0 1 0 0 0 0 25 0 1 0 0 4 0 1 0 0 1.19041950383 0.0 0.0476167801533 0.0 0.0
0 0 1 1 0 0 0 0 0 0 1 0 0 0 0 1 0 0 0 0 0.999000999001 0.0 0.0 0.0 0.0
43 187 52 151 0 0 0 0 2 0 174 0 1 1 14 27 0 1 1 7 3.34608949828 0.0 0.0192303994154 0.0192303994154 0.269225591816
0 0 1 0 0 0 0 0 0 0 0 0 0 0 0 0 0 0 0 0 0.0 0.0 0.0 0.0 0.0
0 3 0 25 0 0 0 4 0 0 0 0 0 0 0 0 0 0 0 0 0.0 0.0 0.0 0.0 0.0
1 12 8 14 0 0 0 0 0 0 8 0 0 0 0 2 0 0 0 0 0.999875015623 0.0 0.0 0.0 0.0
0 3 1 6 0 1 0 0 0 0 0 0 0 0 0 0 0 0 0 0 0.0 0.0 0.0 0.0 0.0
0 0 2 4 0 0 0 0 0 0 0 0 0 0 0 0 0 0 0 0 0.0 0.0 0.0 0.0 0.0
40 93 48 160 150 1 0 0 0 0 274 387 7 0 0 15 21 2 0 0 5.7082144122 8.06233203475 0.145830295202 0.0 0.0
0 0 1 1 0 0 0 0 0 0 1 0 0 0 0 1 0 0 0 0 0.999000999001 0.0 0.0 0.0 0.0
0 0 1 2 0 0 0 0 0 0 1 0 0 0 0 1 0 0 0 0 0.999000999001 0.0 0.0 0.0 0.0
0 0 1 0 0 0 0 0 0 0 0 0 0 0 0 0 0 0 0 0 0.0 0.0 0.0 0.0 0.0
21 1 16 33 1 0 0 0 0 0 33 1 0 0 0 4 1 0 0 0 2.06237110181 0.0624960939941 0.0 0.0 0.0
0 1 1 1 0 0 0 0 0 0 0 0 0 0 0 0 0 0 0 0 0.0 0.0 0.0 0.0 0.0
0 0 1 0 0 0 0 0 0 0 0 0 0 0 0 0 0 0 0 0 0.0 0.0 0.0 0.0 0.0
0 0 3 0 0 0 0 0 0 0 0 0 0 0 0 0 0 0 0 0 0.0 0.0 0.0 0.0 0.0
0 2 2 4 0 0 0 0 0 0 5 0 0 0 0 3 0 0 0 0 2.49875062469 0.0 0.0 0.0 0.0
0 3 1 24 0 0 0 0 0 0 1 0 0 0 0 1 0 0 0 0 0.999000999001 0.0 0.0 0.0 0.0
0 1 13 109 0 0 0 6 0 0 109 0 0 0 1 50 0 0 0 1 8.38397046381 0.0 0.0 0.0 0.0769171602184
0 0 1 6 0 0 0 0 0 0 0 0 0 0 0 0 0 0 0 0 0.0 0.0 0.0 0.0 0.0
0 1 9 24 0 0 0 0 0 0 10 0 0 0 0 4 0 0 0 0 1.11098766804 0.0 0.0 0.0 0.0
0 1 1 4 0 0 0 0 0 0 5 0 0 0 0 5 0 0 0 0 4.995004995 0.0 0.0 0.0 0.0
0 0 66 98 0 1 0 1 0 0 87 0 1 0 0 9 0 1 0 0 1.31816184603 0.0 0.0151512855866 0.0 0.0
0 1 15 41 0 0 0 1 0 0 44 0 0 0 1 8 0 0 0 1 2.93313779081 0.0 0.0 0.0 0.0666622225185
4 5 5 24 0 0 0 1 0 0 24 0 0 0 0 13 0 0 0 0 4.79904019196 0.0 0.0 0.0 0.0
0 1 1 1 0 0 0 0 0 0 1 0 0 0 0 1 0 0 0 0 0.999000999001 0.0 0.0 0.0 0.0
0 0 8 26 0 0 0 0 0 0 15 0 0 0 0 3 0 0 0 0 1.87476565429 0.0 0.0 0.0 0.0
0 1 4 13 0 0 0 0 0 0 4 0 0 0 0 2 0 0 0 0 0.999750062484 0.0 0.0 0.0 0.0
1 35 7 38 0 0 0 0 0 0 19 0 0 0 0 6 0 0 0 0 2.71389801457 0.0 0.0 0.0 0.0
12 11 14 38 0 0 0 0 0 0 26 0 0 0 0 4 0 0 0 0 1.85701021356 0.0 0.0 0.0 0.0
0 4 13 7 0 0 0 1 0 0 4 0 0 0 0 1 0 0 0 0 0.307668640874 0.0 0.0 0.0 0.0
0 0 1 2 0 0 0 0 0 0 2 0 0 0 0 2 0 0 0 0 1.998001998 0.0 0.0 0.0 0.0
0 0 1 1 0 0 0 0 0 0 2 0 0 0 0 2 0 0 0 0 1.998001998 0.0 0.0 0.0 0.0
1 3 0 16 0 0 0 0 0 0 0 0 0 0 0 0 0 0 0 0 0.0 0.0 0.0 0.0 0.0
0 1 1 88 0 4 1 0 0 0 3 0 0 0 0 3 0 0 0 0 2.997002997 0.0 0.0 0.0 0.0
0 0 1 1 0 0 0 0 0 0 0 0 0 0 0 0 0 0 0 0 0.0 0.0 0.0 0.0 0.0
0 3 0 16 0 0 0 0 0 0 0 0 0 0 0 0 0 0 0 0 0.0 0.0 0.0 0.0 0.0
0 0 9 11 0 0 0 1 0 0 11 0 0 0 0 3 0 0 0 0 1.22208643484 0.0 0.0 0.0 0.0
0 0 1 0 0 0 0 0 0 0 0 0 0 0 0 0 0 0 0 0 0.0 0.0 0.0 0.0 0.0
0 0 0 14 0 0 0 0 0 0 0 0 0 0 0 0 0 0 0 0 0.0 0.0 0.0 0.0 0.0
0 1 0 11 0 0 0 0 0 0 0 0 0 0 0 0 0 0 0 0 0.0 0.0 0.0 0.0 0.0
2 1 1 5 0 0 0 0 0 0 1 0 0 0 0 1 0 0 0 0 0.999000999001 0.0 0.0 0.0 0.0
0 82 0 27 0 0 0 0 0 0 0 0 0 0 0 0 0 0 0 0 0.0 0.0 0.0 0.0 0.0
0 1 1 0 0 0 0 0 0 0 0 0 0 0 0 0 0 0 0 0 0.0 0.0 0.0 0.0 0.0
0 0 1 5 0 0 0 0 0 0 1 0 0 0 0 1 0 0 0 0 0.999000999001 0.0 0.0 0.0 0.0
2 23 6 21 0 0 0 0 0 0 38 0 2 0 0 17 0 2 0 0 6.33227795367 0.0 0.333277787035 0.0 0.0
0 0 2 3 0 0 0 0 0 0 1 0 0 0 0 1 0 0 0 0 0.499750124938 0.0 0.0 0.0 0.0
0 19 6 22 0 0 0 0 0 0 13 1 0 0 0 12 1 0 0 0 2.16630561573 0.166638893518 0.0 0.0 0.0
0 0 1 3 0 0 0 0 0 0 1 0 0 0 0 1 0 0 0 0 0.999000999001 0.0 0.0 0.0 0.0
0 0 1 2 0 0 0 0 0 0 2 0 0 0 0 2 0 0 0 0 1.998001998 0.0 0.0 0.0 0.0
0 0 0 45 0 0 0 0 0 0 0 0 0 0 0 0 0 0 0 0 0.0 0.0 0.0 0.0 0.0
0 0 1 0 0 0 0 0 0 0 0 0 0 0 0 0 0 0 0 0 0.0 0.0 0.0 0.0 0.0
2 5 2 33 0 0 0 2 1 0 6 0 0 0 0 4 0 0 0 0 2.99850074963 0.0 0.0 0.0 0.0
0 0 1 5 0 0 0 0 0 0 5 0 0 0 0 5 0 0 0 0 4.995004995 0.0 0.0 0.0 0.0
0 1 1 0 0 0 0 0 0 0 0 0 0 0 0 0 0 0 0 0 0.0 0.0 0.0 0.0 0.0
0 0 0 16 0 0 0 1 0 0 0 0 0 0 0 0 0 0 0 0 0.0 0.0 0.0 0.0 0.0
72 49 74 846 1269 5 0 0 3 0 1027 1329 24 0 5 50 95 2 0 1 13.8781908353 17.9592167673 0.324319941622 0.0 0.0675666545047
0 17 1 130 0 0 0 2 0 0 2 0 0 0 0 2 0 0 0 0 1.998001998 0.0 0.0 0.0 0.0
0 0 0 30 0 0 0 0 0 0 0 0 0 0 0 0 0 0 0 0 0.0 0.0 0.0 0.0 0.0
0 0 1 0 0 0 0 0 0 0 0 0 0 0 0 0 0 0 0 0 0.0 0.0 0.0 0.0 0.0
26 28 71 374 0 3 0 1 2 0 404 0 6 1 4 17 0 2 1 2 5.69006070337 0.0 0.0845058520303 0.0140843086717 0.0563372346868
0 0 1 3 0 1 0 1 0 0 0 0 0 0 0 0 0 0 0 0 0.0 0.0 0.0 0.0 0.0
6 13 108 111 0 0 0 23 0 0 154 0 1 0 3 25 0 1 0 1 1.42591272303 0.0 0.00925917352617 0.0 0.0277775205785
1 10 89 103 0 0 0 0 0 0 110 0 0 0 3 6 0 0 0 1 1.2359411692 0.0 0.0 0.0 0.0337074864327
0 0 0 49 0 0 0 0 0 0 0 0 0 0 0 0 0 0 0 0 0.0 0.0 0.0 0.0 0.0
0 4 0 1 0 0 0 4 0 0 0 0 0 0 0 0 0 0 0 0 0.0 0.0 0.0 0.0 0.0
1 29 0 53 3 1 0 2 2 0 0 0 0 0 0 0 0 0 0 0 0.0 0.0 0.0 0.0 0.0
0 0 4 126 0 0 0 1 0 0 35 0 1 0 0 23 0 1 0 0 8.74781304674 0.0 0.249937515621 0.0 0.0
0 2 11 92 0 0 0 0 0 0 87 0 0 0 0 20 0 0 0 0 7.90837196618 0.0 0.0 0.0 0.0
1 0 2 1 0 0 0 0 0 0 2 0 0 0 0 2 0 0 0 0 0.999500249875 0.0 0.0 0.0 0.0
0 0 6 15 0 0 0 2 0 0 9 0 0 0 1 2 0 0 0 1 1.49975004166 0.0 0.0 0.0 0.166638893518
0 0 0 20 0 0 0 0 0 0 0 0 0 0 0 0 0 0 0 0 0.0 0.0 0.0 0.0 0.0
1 8 18 19 0 0 0 0 0 0 27 0 0 0 1 5 0 0 0 1 1.4999166713 0.0 0.0 0.0 0.0555524693073
6 2 8 17 0 0 0 0 0 0 14 0 0 0 1 4 0 0 0 1 1.74978127734 0.0 0.0 0.0 0.124984376953
0 4 1 3 0 0 0 0 2 0 1 0 0 0 0 1 0 0 0 0 0.999000999001 0.0 0.0 0.0 0.0
273 35 12 448 72 58 3 0 19 0 6076 91 73 6 274 1229 23 15 3 60 506.291142405 7.58270144155 6.08282643113 0.499958336805 22.8314307141
0 2 60 83 0 0 0 0 0 0 77 0 0 0 0 4 0 0 0 0 1.2833119448 0.0 0.0 0.0 0.0
0 0 0 14 0 0 0 0 0 0 0 0 0 0 0 0 0 0 0 0 0.0 0.0 0.0 0.0 0.0
0 0 1 2 0 0 0 0 0 0 1 0 0 0 0 1 0 0 0 0 0.999000999001 0.0 0.0 0.0 0.0
0 0 1 0 0 0 0 0 0 0 0 0 0 0 0 0 0 0 0 0 0.0 0.0 0.0 0.0 0.0
0 1 1 1 0 0 0 0 0 0 2 0 0 0 0 2 0 0 0 0 1.998001998 0.0 0.0 0.0 0.0
35 0 21 22 0 0 0 0 0 0 23 0 0 0 1 7 0 0 0 1 1.09518594353 0.0 0.0 0.0 0.0476167801533
0 0 37 41 0 2 1 0 0 0 41 0 1 1 0 4 0 1 1 0 1.10807816005 0.0 0.0270262965866 0.0270262965866 0.0
0 0 0 16 0 0 0 0 0 0 0 0 0 0 0 0 0 0 0 0 0.0 0.0 0.0 0.0 0.0
0 5 2 6 0 0 0 0 0 0 3 0 0 0 0 2 0 0 0 0 1.49925037481 0.0 0.0 0.0 0.0
0 2 0 18 0 0 0 0 0 0 0 0 0 0 0 0 0 0 0 0 0.0 0.0 0.0 0.0 0.0
0 2 2 2 0 0 0 0 0 0 0 0 0 0 0 0 0 0 0 0 0.0 0.0 0.0 0.0 0.0
0 1 0 43 0 0 0 0 2 0 0 0 0 0 0 0 0 0 0 0 0.0 0.0 0.0 0.0 0.0
0 0 1 0 0 0 0 0 0 0 0 0 0 0 0 0 0 0 0 0 0.0 0.0 0.0 0.0 0.0
0 0 1 0 0 0 0 0 0 0 4 0 0 0 0 4 0 0 0 0 3.996003996 0.0 0.0 0.0 0.0
0 0 20 36 0 0 1 0 0 0 26 0 0 1 0 5 0 0 1 0 1.29993500325 0.0 0.0 0.049997500125 0.0
0 0 1 2 0 0 0 0 0 0 12 0 0 0 0 12 0 0 0 0 11.988011988 0.0 0.0 0.0 0.0
0 0 0 13 0 0 0 0 0 0 0 0 0 0 0 0 0 0 0 0 0.0 0.0 0.0 0.0 0.0
1 1 15 35 0 0 0 0 0 0 46 0 0 0 1 11 0 0 0 1 3.06646223585 0.0 0.0 0.0 0.0666622225185
0 6 28 22 0 1 0 0 0 0 12 0 1 0 0 2 0 1 0 0 0.428556122996 0.0 0.0357130102496 0.0 0.0
0 1 8 25 0 0 0 0 0 0 23 0 0 0 0 6 0 0 0 0 2.87464066992 0.0 0.0 0.0 0.0
1 6 1 6 0 0 0 0 0 0 0 0 0 0 0 0 0 0 0 0 0.0 0.0 0.0 0.0 0.0
0 0 0 12 0 0 0 0 0 0 0 0 0 0 0 0 0 0 0 0 0.0 0.0 0.0 0.0 0.0
0 0 2 0 0 0 0 0 0 0 0 0 0 0 0 0 0 0 0 0 0.0 0.0 0.0 0.0 0.0
0 1 1 1 0 0 0 0 0 0 0 0 0 0 0 0 0 0 0 0 0.0 0.0 0.0 0.0 0.0
24 41 14 105 0 0 0 9 0 0 31 0 0 0 2 5 0 0 0 1 2.21412756232 0.0 0.0 0.0 0.142846939504
0 0 1 0 0 0 0 0 0 0 0 0 0 0 0 0 0 0 0 0 0.0 0.0 0.0 0.0 0.0
0 3 1 0 0 0 0 0 0 0 0 0 0 0 0 0 0 0 0 0 0.0 0.0 0.0 0.0 0.0
0 1 17 44 0 0 0 0 1 0 24 0 0 0 1 6 0 0 0 1 1.41168166578 0.0 0.0 0.0 0.0588200694077
20 44 4 30 0 4 0 0 0 0 55 0 4 0 0 18 0 1 0 0 13.7465633592 0.0 0.999750062484 0.0 0.0
0 1 0 11 0 0 0 0 0 0 0 0 0 0 0 0 0 0 0 0 0.0 0.0 0.0 0.0 0.0
0 13 1 4 0 0 0 2 0 0 0 0 0 0 0 0 0 0 0 0 0.0 0.0 0.0 0.0 0.0
1 0 5 7 0 1 0 0 0 0 7 0 1 0 0 2 0 1 0 0 1.39972005599 0.0 0.199960007998 0.0 0.0
1 2 60 220 0 9 0 0 0 0 201 1 10 1 2 24 1 2 1 2 3.3499441676 0.0166663888935 0.166663888935 0.0166663888935 0.033332777787
741 73 13 101 9 1 0 0 4 0 551 8 8 0 20 194 2 4 0 8 42.3813552804 0.615337281748 0.615337281748 0.0 1.53834320437
2 6 1 2 0 0 0 0 0 0 0 0 0 0 0 0 0 0 0 0 0.0 0.0 0.0 0.0 0.0
3 34 7 16 0 4 0 0 0 0 12 0 2 0 1 5 0 1 0 1 1.71404085131 0.0 0.285673475218 0.0 0.142836737609
1 0 1 0 0 0 0 0 0 0 0 0 0 0 0 0 0 0 0 0 0.0 0.0 0.0 0.0 0.0
0 0 2 2 0 0 0 0 0 0 0 0 0 0 0 0 0 0 0 0 0.0 0.0 0.0 0.0 0.0
46 250 15 79 6 3 1 0 0 0 47 6 1 0 3 9 4 1 0 1 3.13312445837 0.399973335111 0.0666622225185 0.0 0.199986667555
1 107 0 31 0 0 0 0 0 0 0 0 0 0 0 0 0 0 0 0 0.0 0.0 0.0 0.0 0.0
0 0 1 1 0 0 0 0 0 0 0 0 0 0 0 0 0 0 0 0 0.0 0.0 0.0 0.0 0.0
0 1 1 26 0 0 0 0 0 0 1 0 0 0 1 1 0 0 0 1 0.999000999001 0.0 0.0 0.0 0.999000999001
0 6 1 0 0 0 0 0 0 0 0 0 0 0 0 0 0 0 0 0 0.0 0.0 0.0 0.0 0.0
1 0 1 0 0 0 0 0 0 0 0 0 0 0 0 0 0 0 0 0 0.0 0.0 0.0 0.0 0.0
0 0 1 0 0 0 0 0 0 0 0 0 0 0 0 0 0 0 0 0 0.0 0.0 0.0 0.0 0.0
2 3 5 25 0 0 0 0 0 0 11 0 0 0 0 5 0 0 0 0 2.19956008798 0.0 0.0 0.0 0.0
0 0 11 38 0 0 0 0 0 0 35 0 0 0 0 8 0 0 0 0 3.18152895191 0.0 0.0 0.0 0.0
0 0 1 0 0 0 0 0 0 0 0 0 0 0 0 0 0 0 0 0 0.0 0.0 0.0 0.0 0.0
0 0 1 14 0 0 0 0 0 0 3 0 0 0 0 3 0 0 0 0 2.997002997 0.0 0.0 0.0 0.0
0 0 0 12 0 0 0 0 0 0 0 0 0 0 0 0 0 0 0 0 0.0 0.0 0.0 0.0 0.0
2 4 0 15 0 0 0 0 0 0 0 0 0 0 0 0 0 0 0 0 0.0 0.0 0.0 0.0 0.0
251 42 41 206 16 50 15 1 20 0 1370 5 46 2 52 295 3 4 1 9 33.4138191751 0.121948245165 1.12192385552 0.0487792980659 1.26826174971
0 2 1 0 0 0 0 0 0 0 0 0 0 0 0 0 0 0 0 0 0.0 0.0 0.0 0.0 0.0
0 0 0 21 0 0 0 1 0 0 0 0 0 0 0 0 0 0 0 0 0.0 0.0 0.0 0.0 0.0
1 1 1 0 0 0 0 0 0 0 0 0 0 0 0 0 0 0 0 0 0.0 0.0 0.0 0.0 0.0
4 10 6 16 0 2 0 5 0 0 18 0 1 0 3 6 0 1 0 2 2.99950008332 0.0 0.166638893518 0.0 0.499916680553
0 0 1 1 0 0 0 0 0 0 1 0 0 0 0 1 0 0 0 0 0.999000999001 0.0 0.0 0.0 0.0
0 0 0 13 0 0 0 0 0 0 0 0 0 0 0 0 0 0 0 0 0.0 0.0 0.0 0.0 0.0
0 0 1 1 0 0 0 0 0 0 1 0 0 0 0 1 0 0 0 0 0.999000999001 0.0 0.0 0.0 0.0
0 0 3 11 0 0 0 0 0 0 0 0 0 0 0 0 0 0 0 0 0.0 0.0 0.0 0.0 0.0
0 3 0 26 0 0 0 0 1 0 0 0 0 0 0 0 0 0 0 0 0.0 0.0 0.0 0.0 0.0
0 0 1 0 0 0 0 0 0 0 0 0 0 0 0 0 0 0 0 0 0.0 0.0 0.0 0.0 0.0
0 1 2 4 0 0 0 0 0 0 3 0 0 0 0 3 0 0 0 0 1.49925037481 0.0 0.0 0.0 0.0
0 0 0 11 0 0 0 0 0 0 0 0 0 0 0 0 0 0 0 0 0.0 0.0 0.0 0.0 0.0
0 6 0 153 0 0 0 0 0 0 0 0 0 0 0 0 0 0 0 0 0.0 0.0 0.0 0.0 0.0
0 3 24 48 0 0 0 1 0 0 36 0 0 0 0 6 0 0 0 0 1.4999375026 0.0 0.0 0.0 0.0
1 0 17 42 0 1 0 1 0 0 23 0 1 0 1 4 0 1 0 1 1.35286159638 0.0 0.0588200694077 0.0 0.0588200694077
0 0 0 44 0 0 0 0 0 0 0 0 0 0 0 0 0 0 0 0 0.0 0.0 0.0 0.0 0.0
0 2 1 1 0 0 0 0 0 0 1 0 0 0 0 1 0 0 0 0 0.999000999001 0.0 0.0 0.0 0.0
13 12 7 59 0 0 0 0 1 0 188 0 1 0 3 112 0 1 0 3 26.8533066705 0.0 0.142836737609 0.0 0.428510212827
1 1 1 3 0 0 0 0 0 0 1 0 0 0 0 1 0 0 0 0 0.999000999001 0.0 0.0 0.0 0.0
0 0 1 2 0 0 0 0 0 0 0 0 0 0 0 0 0 0 0 0 0.0 0.0 0.0 0.0 0.0
0 5 114 524 0 25 0 0 0 0 497 0 27 0 0 28 0 2 0 0 4.35961088061 0.0 0.236840027719 0.0 0.0
0 0 8 41 0 0 0 0 0 0 13 0 0 0 2 5 0 0 0 1 1.62479690039 0.0 0.0 0.0 0.249968753906
0 21 0 34 0 0 0 0 0 0 0 0 0 0 0 0 0 0 0 0 0.0 0.0 0.0 0.0 0.0
0 0 1 1 0 0 0 0 0 0 2 0 0 0 0 2 0 0 0 0 1.998001998 0.0 0.0 0.0 0.0
1 2 0 12 0 0 0 1 0 0 0 0 0 0 0 0 0 0 0 0 0.0 0.0 0.0 0.0 0.0
12 14 30 62 0 0 0 0 0 0 105 0 0 0 1 27 0 0 0 1 3.49988333722 0.0 0.0 0.0 0.0333322222593
0 1 0 25 0 0 0 0 0 0 0 0 0 0 0 0 0 0 0 0 0.0 0.0 0.0 0.0 0.0
0 0 1 42 0 0 0 0 0 0 2 0 0 0 0 2 0 0 0 0 1.998001998 0.0 0.0 0.0 0.0
5 24 86 224 3 8 1 0 0 0 215 1 3 0 0 12 1 1 0 0 2.49997093057 0.0116277717701 0.0348833153103 0.0 0.0
1 2 12 38 0 1 0 0 1 0 34 0 2 0 0 6 0 1 0 0 2.8330972419 0.0 0.166652778935 0.0 0.0
0 1 1 0 0 0 0 0 0 0 0 0 0 0 0 0 0 0 0 0 0.0 0.0 0.0 0.0 0.0
0 2 22 46 0 1 0 1 0 0 35 0 0 0 0 20 0 0 0 0 1.59083678015 0.0 0.0 0.0 0.0
0 0 1 1 0 0 0 0 1 0 1 0 0 0 0 1 0 0 0 0 0.999000999001 0.0 0.0 0.0 0.0
244 4 60 743 1 2 0 0 0 0 797 1 2 0 0 106 1 1 0 0 13.2831119481 0.0166663888935 0.033332777787 0.0 0.0
0 0 1 5 0 0 0 0 0 0 0 0 0 0 0 0 0 0 0 0 0.0 0.0 0.0 0.0 0.0
129 9 18 44 0 1 0 0 0 0 78 0 1 0 0 19 0 1 0 0 4.33309260597 0.0 0.0555524693073 0.0 0.0
0 2 1 1 0 0 0 0 1 0 1 0 0 0 0 1 0 0 0 0 0.999000999001 0.0 0.0 0.0 0.0
0 1 1 1 0 0 0 0 0 0 1 0 0 0 0 1 0 0 0 0 0.999000999001 0.0 0.0 0.0 0.0
0 1 0 71 0 0 0 0 0 0 0 0 0 0 0 0 0 0 0 0 0.0 0.0 0.0 0.0 0.0
4 2 1 13 0 1 0 0 0 0 6 0 1 0 1 6 0 1 0 1 5.99400599401 0.0 0.999000999001 0.0 0.999000999001
0 2 1 1 0 0 0 0 0 0 0 0 0 0 0 0 0 0 0 0 0.0 0.0 0.0 0.0 0.0
0 0 0 44 0 0 0 0 0 0 0 0 0 0 0 0 0 0 0 0 0.0 0.0 0.0 0.0 0.0
4 2 90 37 0 4 0 0 0 0 56 0 4 0 0 7 0 1 0 0 0.622215308719 0.0 0.0444439506228 0.0 0.0
0 10 19 16 0 1 0 1 0 0 11 0 0 0 0 2 0 0 0 0 0.578916899111 0.0 0.0 0.0 0.0
1 7 5 86 0 0 0 13 0 0 9 0 0 0 0 5 0 0 0 0 1.79964007199 0.0 0.0 0.0 0.0
0 1 14 21 0 1 0 0 0 0 16 0 1 0 0 2 0 1 0 0 1.14277551603 0.0 0.0714234697522 0.0 0.0
0 3 7 11 0 1 0 0 0 0 4 0 0 0 0 2 0 0 0 0 0.571346950436 0.0 0.0 0.0 0.0
0 1 0 21 0 0 0 0 1 0 0 0 0 0 0 0 0 0 0 0 0.0 0.0 0.0 0.0 0.0
8 1 3 19 0 0 0 0 0 0 7 0 0 0 0 4 0 0 0 0 2.33255581473 0.0 0.0 0.0 0.0
0 0 0 18 0 0 0 0 0 0 0 0 0 0 0 0 0 0 0 0 0.0 0.0 0.0 0.0 0.0
0 0 1 0 0 0 0 0 0 0 0 0 0 0 0 0 0 0 0 0 0.0 0.0 0.0 0.0 0.0
7 12 20 52 0 0 0 0 0 0 208 0 1 0 9 67 0 1 0 2 10.399480026 0.0 0.049997500125 0.0 0.449977501125
1 1 26 32 0 0 0 0 1 0 32 0 0 0 1 3 0 0 0 1 1.23072189531 0.0 0.0 0.0 0.0384600592285
0 5 2 13 0 1 1 0 0 0 6 0 1 1 0 6 0 1 1 0 2.99850074963 0.0 0.499750124938 0.499750124938 0.0
1 9 127 56 2 24 0 0 0 0 82 38 60 0 0 14 3 2 0 0 0.645664207368 0.299210242439 0.472437224904 0.0 0.0
0 0 1 2 0 0 0 0 0 0 1 0 0 0 0 1 0 0 0 0 0.999000999001 0.0 0.0 0.0 0.0
3 2 95 141 0 0 0 5 0 0 127 0 0 0 0 18 0 0 0 0 1.33682803339 0.0 0.0 0.0 0.0
0 13 0 102 0 0 0 1 0 0 0 0 0 0 0 0 0 0 0 0 0.0 0.0 0.0 0.0 0.0
0 0 21 19 0 0 0 0 0 0 77 0 1 0 1 38 0 1 0 1 3.66649207181 0.0 0.0476167801533 0.0 0.0476167801533
5 7 4 28 0 0 0 0 0 0 32 0 1 0 0 25 0 1 0 0 7.99800049988 0.0 0.249937515621 0.0 0.0
0 3 0 14 0 0 0 0 0 0 0 0 0 0 0 0 0 0 0 0 0.0 0.0 0.0 0.0 0.0
28 1 132 597 0 2 0 0 0 0 784 0 20 2 31 61 0 3 1 6 5.93934894433 0.0 0.151514003682 0.0151514003682 0.234846705707
0 0 20 12 0 0 0 0 0 0 13 0 0 0 1 3 0 0 0 1 0.649967501625 0.0 0.0 0.0 0.049997500125
0 1 15 16 0 2 0 0 0 0 54 0 2 0 0 33 0 1 0 0 3.599760016 0.0 0.133324445037 0.0 0.0
0 35 13 61 0 7 0 7 6 0 53 0 1 0 1 11 0 1 0 1 4.07660949158 0.0 0.0769171602184 0.0 0.0769171602184
0 1 30 71 0 4 0 0 1 0 72 0 3 0 6 10 0 1 0 1 2.39992000267 0.0 0.0999966667778 0.0 0.199993333556
0 1 7 7 0 0 0 0 1 0 2 0 0 0 0 1 0 0 0 0 0.285673475218 0.0 0.0 0.0 0.0
0 0 0 13 0 0 0 0 0 0 0 0 0 0 0 0 0 0 0 0 0.0 0.0 0.0 0.0 0.0
0 0 1 0 0 0 0 0 0 0 0 0 0 0 0 0 0 0 0 0 0.0 0.0 0.0 0.0 0.0
0 0 1 0 0 0 0 0 0 0 0 0 0 0 0 0 0 0 0 0 0.0 0.0 0.0 0.0 0.0
4 12 1 31 0 4 0 4 0 0 1 0 1 0 0 1 0 1 0 0 0.999000999001 0.0 0.999000999001 0.0 0.0
110 5 229 315 0 0 0 1 0 0 592 0 1 0 15 31 0 1 0 3 2.5851415496 0.0 0.00436679315811 0.0 0.0655018973716
0 0 1 4 0 0 0 0 0 0 0 0 0 0 0 0 0 0 0 0 0.0 0.0 0.0 0.0 0.0
0 3 0 12 0 0 0 0 0 0 0 0 0 0 0 0 0 0 0 0 0.0 0.0 0.0 0.0 0.0
0 2 0 31 0 0 0 0 2 0 0 0 0 0 0 0 0 0 0 0 0.0 0.0 0.0 0.0 0.0
47 39 166 491 2 1 0 1 1 0 705 4 1 1 9 53 1 1 1 1 4.2469623677 0.0240962403841 0.00602406009602 0.00602406009602 0.0542165408642
3 0 5 18 0 0 0 0 0 0 18 0 0 0 0 11 0 0 0 0 3.59928014397 0.0 0.0 0.0 0.0
1 2 1 0 0 0 0 0 0 0 0 0 0 0 0 0 0 0 0 0 0.0 0.0 0.0 0.0 0.0
0 0 9 8 0 0 0 1 0 0 9 0 0 0 0 6 0 0 0 0 0.999888901233 0.0 0.0 0.0 0.0
0 4 1 2 0 0 0 0 0 0 2 0 0 0 0 2 0 0 0 0 1.998001998 0.0 0.0 0.0 0.0
0 1 15 43 0 1 0 0 0 0 34 0 1 0 0 5 0 1 0 0 2.26651556563 0.0 0.0666622225185 0.0 0.0
0 0 1 2 0 0 0 0 0 0 0 0 0 0 0 0 0 0 0 0 0.0 0.0 0.0 0.0 0.0
11 0 40 85 0 3 0 0 0 0 336 2 6 3 28 51 1 3 1 13 8.39979000525 0.0499987500312 0.149996250094 0.0749981250469 0.699982500437
12 0 88 249 3 0 0 2 0 0 324 3 2 0 21 22 2 1 0 3 3.68177634345 0.0340905216986 0.0227270144657 0.0 0.23863365189
9 2 4 19 0 0 0 0 0 0 13 0 0 0 0 8 0 0 0 0 3.24918770307 0.0 0.0 0.0 0.0
0 1 1 0 0 0 0 0 0 0 0 0 0 0 0 0 0 0 0 0 0.0 0.0 0.0 0.0 0.0
0 0 1 2 0 0 0 0 0 0 0 0 0 0 0 0 0 0 0 0 0.0 0.0 0.0 0.0 0.0
1 1 90 101 0 0 0 1 0 0 110 0 0 0 0 13 0 0 0 0 1.22220864213 0.0 0.0 0.0 0.0
0 30 0 205 0 0 0 1 0 0 0 0 0 0 0 0 0 0 0 0 0.0 0.0 0.0 0.0 0.0
3320 26 100 627 106 75 0 1 160 0 28143 467 823 176 1103 1487 23 43 12 100 281.427185728 4.66995330047 8.22991770082 1.75998240018 11.0298897011
0 0 1 1 0 0 0 0 0 0 0 0 0 0 0 0 0 0 0 0 0.0 0.0 0.0 0.0 0.0
0 1 1 1 0 1 0 0 0 0 0 0 1 0 0 0 0 1 0 0 0.0 0.0 0.999000999001 0.0 0.0
0 0 17 21 0 0 0 0 0 0 14 0 0 0 1 3 0 0 0 1 0.823480971708 0.0 0.0 0.0 0.0588200694077
0 0 1 1 0 0 0 0 0 0 2 0 0 0 0 2 0 0 0 0 1.998001998 0.0 0.0 0.0 0.0
8 7 153 254 0 1 0 0 0 0 255 0 0 1 4 20 0 0 1 2 1.66665577349 0.0 0.0 0.00653590499409 0.0261436199763
0 0 10 0 0 0 0 0 0 0 0 0 0 0 0 0 0 0 0 0 0.0 0.0 0.0 0.0 0.0
1 0 9 9 0 0 0 1 0 0 5 0 0 0 0 2 0 0 0 0 0.555493834018 0.0 0.0 0.0 0.0
0 0 0 13 0 0 0 0 0 0 0 0 0 0 0 0 0 0 0 0 0.0 0.0 0.0 0.0 0.0
0 2 1 9 0 0 0 0 0 0 8 0 0 0 0 8 0 0 0 0 7.99200799201 0.0 0.0 0.0 0.0
0 0 0 25 0 1 0 0 0 0 0 0 0 0 0 0 0 0 0 0 0.0 0.0 0.0 0.0 0.0
0 20 0 16 0 0 0 1 0 0 0 0 0 0 0 0 0 0 0 0 0.0 0.0 0.0 0.0 0.0
2 0 24 9 0 0 0 0 0 0 15 0 0 0 0 6 0 0 0 0 0.624973959418 0.0 0.0 0.0 0.0
45 96 18 104 131 3 0 0 0 0 128 149 5 1 1 23 17 1 1 1 7.11071607133 8.27731792678 0.277762346536 0.0555524693073 0.0555524693073
6 25 77 97 0 4 0 0 0 0 142 0 2 1 1 15 0 1 1 1 1.84413189439 0.0 0.0259736886534 0.0129868443267 0.0129868443267
0 3 0 1 0 0 0 5 0 0 0 0 0 0 0 0 0 0 0 0 0.0 0.0 0.0 0.0 0.0
0 0 0 17 0 2 0 0 0 0 0 0 0 0 0 0 0 0 0 0 0.0 0.0 0.0 0.0 0.0
0 0 1 0 0 0 0 0 0 0 0 0 0 0 0 0 0 0 0 0 0.0 0.0 0.0 0.0 0.0
0 0 2 14 0 0 0 0 0 0 11 0 0 0 0 7 0 0 0 0 5.49725137431 0.0 0.0 0.0 0.0
0 0 0 88 0 0 0 0 0 0 0 0 0 0 0 0 0 0 0 0 0.0 0.0 0.0 0.0 0.0
26 3 35 793 1306 27 0 0 0 0 857 1013 45 2 5 84 78 4 1 3 24.4850147139 28.9420302277 1.28567755207 0.0571412245364 0.142853061341
0 1 0 11 0 0 0 0 0 0 0 0 0 0 0 0 0 0 0 0 0.0 0.0 0.0 0.0 0.0
0 0 17 39 0 0 0 0 0 0 38 0 0 0 0 7 0 0 0 0 2.23516263749 0.0 0.0 0.0 0.0
0 7 1 0 0 0 0 7 0 0 3 0 0 0 2 3 0 0 0 2 2.997002997 0.0 0.0 0.0 1.998001998
0 1 4 9 0 0 0 0 0 0 8 0 0 0 0 5 0 0 0 0 1.99950012497 0.0 0.0 0.0 0.0
0 2 2 12 0 0 0 0 0 0 3 0 0 0 0 3 0 0 0 0 1.49925037481 0.0 0.0 0.0 0.0
0 0 14 2 0 0 0 0 0 0 5 0 0 0 0 1 0 0 0 0 0.357117348761 0.0 0.0 0.0 0.0
0 0 0 43 0 0 0 0 0 0 0 0 0 0 0 0 0 0 0 0 0.0 0.0 0.0 0.0 0.0
0 0 0 12 0 0 0 0 0 0 0 0 0 0 0 0 0 0 0 0 0.0 0.0 0.0 0.0 0.0
0 0 1 0 0 0 0 0 0 0 1 0 0 0 0 1 0 0 0 0 0.999000999001 0.0 0.0 0.0 0.0
0 14 0 0 0 1 0 6 0 0 0 0 0 0 0 0 0 0 0 0 0.0 0.0 0.0 0.0 0.0
9 0 1 2 0 0 0 0 0 0 1 0 0 0 0 1 0 0 0 0 0.999000999001 0.0 0.0 0.0 0.0
3 4 107 208 0 5 0 0 0 0 271 1 42 1 5 28 1 2 1 2 2.53268661041 0.00934570704947 0.392519696078 0.00934570704947 0.0467285352473
195 17 49 383 0 4 0 0 4 0 724 3 4 0 20 78 1 1 0 5 14.7752086692 0.061223240342 0.0816309871227 0.0 0.408154935614
3 9 4 31 0 0 0 1 0 0 8 0 0 0 0 3 0 0 0 0 1.99950012497 0.0 0.0 0.0 0.0
0 0 14 90 0 0 0 0 4 0 113 0 0 1 2 43 0 0 1 2 8.07085208199 0.0 0.0 0.0714234697522 0.142846939504
0 5 0 22 0 0 0 8 0 0 0 0 0 0 0 0 0 0 0 0 0.0 0.0 0.0 0.0 0.0
0 0 2 2 0 0 0 0 0 0 2 0 0 0 0 2 0 0 0 0 0.999500249875 0.0 0.0 0.0 0.0
0 1 3 2 0 0 0 1 0 0 0 0 0 0 0 0 0 0 0 0 0.0 0.0 0.0 0.0 0.0
0 0 15 10 0 3 0 0 0 0 10 0 3 0 0 2 0 1 0 0 0.666622225185 0.0 0.199986667555 0.0 0.0
0 0 0 0 0 0 0 3 0 0 0 0 0 0 0 0 0 0 0 0 0.0 0.0 0.0 0.0 0.0
15 14 42 1760 1714 0 0 0 0 0 439 745 7 0 0 20 32 3 0 0 10.4521320921 17.7376729125 0.166662698507 0.0 0.0
1 121 105 60 0 3 1 0 6 0 64 0 3 0 3 7 0 1 0 1 0.60951800459 0.0 0.0285711564652 0.0 0.0285711564652
0 11 40 117 1 0 0 1 0 0 76 0 0 0 0 7 0 0 0 0 1.89995250119 0.0 0.0 0.0 0.0
32 0 0 14 0 0 0 0 0 0 0 0 0 0 0 0 0 0 0 0 0.0 0.0 0.0 0.0 0.0
1 12 0 168 0 1 1 4 0 0 0 0 0 0 0 0 0 0 0 0 0.0 0.0 0.0 0.0 0.0
0 0 1 0 0 0 0 0 0 0 0 0 0 0 0 0 0 0 0 0 0.0 0.0 0.0 0.0 0.0
0 0 1 0 0 0 0 0 0 0 0 0 0 0 0 0 0 0 0 0 0.0 0.0 0.0 0.0 0.0
0 19 0 58 0 0 0 0 0 0 0 0 0 0 0 0 0 0 0 0 0.0 0.0 0.0 0.0 0.0
50 29 149 224 0 2 0 0 6 0 382 2 2 6 14 17 1 1 2 5 2.56374118295 0.0134227287065 0.0134227287065 0.0402681861196 0.0939591009456
0 0 0 41 0 0 0 0 0 0 0 0 0 0 0 0 0 0 0 0 0.0 0.0 0.0 0.0 0.0
0 0 2 15 0 2 0 0 0 0 8 0 2 0 0 6 0 1 0 0 3.9980009995 0.0 0.999500249875 0.0 0.0
0 3 0 19 0 0 0 0 0 0 0 0 0 0 0 0 0 0 0 0 0.0 0.0 0.0 0.0 0.0
5 9 69 79 0 3 0 0 0 0 110 0 3 1 2 16 0 1 1 2 1.5941797945 0.0 0.043477630759 0.0144925435863 0.0289850871726
13 18 78 203 0 0 0 0 0 0 200 1 0 0 5 11 1 0 0 2 2.56406969141 0.0128203484571 0.0 0.0 0.0641017422854
0 0 6 15 0 0 0 0 0 0 12 0 0 0 0 4 0 0 0 0 1.99966672221 0.0 0.0 0.0 0.0
0 0 1 1 0 0 0 0 0 0 1 0 0 0 0 1 0 0 0 0 0.999000999001 0.0 0.0 0.0 0.0
0 21 0 3 0 4 0 3 0 0 0 0 0 0 0 0 0 0 0 0 0.0 0.0 0.0 0.0 0.0
0 0 1 3 0 0 0 1 0 0 2 0 0 0 0 2 0 0 0 0 1.998001998 0.0 0.0 0.0 0.0
0 0 0 15 0 0 0 0 0 0 0 0 0 0 0 0 0 0 0 0 0.0 0.0 0.0 0.0 0.0
0 1 13 57 0 0 0 0 0 0 59 0 0 0 0 23 0 0 0 0 4.53811245289 0.0 0.0 0.0 0.0
0 1 6 12 0 1 0 0 0 0 7 0 1 0 0 5 0 1 0 0 1.16647225462 0.0 0.166638893518 0.0 0.0
0 1 41 61 0 4 0 1 0 0 57 0 4 0 1 6 0 1 0 1 1.39020999488 0.0 0.0975585961318 0.0 0.024389649033
0 1 1 1 0 0 0 0 0 0 0 0 0 0 0 0 0 0 0 0 0.0 0.0 0.0 0.0 0.0
0 2 1 3 0 0 0 0 0 0 0 0 0 0 0 0 0 0 0 0 0.0 0.0 0.0 0.0 0.0
0 0 1 1 0 0 0 0 0 0 1 0 0 0 0 1 0 0 0 0 0.999000999001 0.0 0.0 0.0 0.0
0 0 1 7 0 0 0 0 0 0 6 0 0 0 0 6 0 0 0 0 5.99400599401 0.0 0.0 0.0 0.0
0 0 1 2 0 0 0 0 0 0 1 0 0 0 0 1 0 0 0 0 0.999000999001 0.0 0.0 0.0 0.0
0 4 1 2 0 0 0 0 0 0 1 0 0 0 0 1 0 0 0 0 0.999000999001 0.0 0.0 0.0 0.0
0 3 1 6 0 0 0 0 0 0 1 0 0 0 0 1 0 0 0 0 0.999000999001 0.0 0.0 0.0 0.0
2 18 0 24 0 0 0 0 0 0 0 0 0 0 0 0 0 0 0 0 0.0 0.0 0.0 0.0 0.0
0 5 5 15 0 0 0 0 0 0 6 0 0 0 0 3 0 0 0 0 1.19976004799 0.0 0.0 0.0 0.0
7 49 73 129 0 7 0 0 0 0 140 0 7 0 2 12 0 1 0 1 1.91778194819 0.0 0.0958890974096 0.0 0.0273968849742
0 0 4 4 0 0 0 0 0 0 5 0 0 0 0 2 0 0 0 0 1.24968757811 0.0 0.0 0.0 0.0
0 1 0 27 0 0 0 0 0 0 0 0 0 0 0 0 0 0 0 0 0.0 0.0 0.0 0.0 0.0
52 1 54 126 0 0 0 0 1 0 1741 0 13 4 54 283 0 2 2 13 32.240143701 0.0 0.240736282661 0.0740727023574 0.999981481824
9 11 1 23 0 0 0 0 0 0 6 0 0 0 0 6 0 0 0 0 5.99400599401 0.0 0.0 0.0 0.0
0 8 0 43 0 0 0 0 0 0 0 0 0 0 0 0 0 0 0 0 0.0 0.0 0.0 0.0 0.0
0 0 1 1085 0 0 0 0 12 0 1 0 0 0 0 1 0 0 0 0 0.999000999001 0.0 0.0 0.0 0.0
1 0 1 1 0 0 0 0 0 0 0 0 0 0 0 0 0 0 0 0 0.0 0.0 0.0 0.0 0.0
0 18 0 1 0 0 0 6 0 0 0 0 0 0 0 0 0 0 0 0 0.0 0.0 0.0 0.0 0.0
55 9 10 60 0 0 0 0 2 0 127 0 0 0 4 47 0 0 0 2 12.698730127 0.0 0.0 0.0 0.399960004
0 0 1 3 0 0 0 0 0 0 2 0 0 0 0 2 0 0 0 0 1.998001998 0.0 0.0 0.0 0.0
1 2 0 13 0 0 0 0 0 0 0 0 0 0 0 0 0 0 0 0 0.0 0.0 0.0 0.0 0.0
2 15 1 6 0 0 0 0 0 0 2 0 0 0 0 2 0 0 0 0 1.998001998 0.0 0.0 0.0 0.0
0 18 1 3 0 0 0 0 3 0 0 0 0 0 0 0 0 0 0 0 0.0 0.0 0.0 0.0 0.0
2 2 3 30 0 0 0 0 1 0 20 0 2 0 0 11 0 1 0 0 6.66444518494 0.0 0.666444518494 0.0 0.0
0 1 2 3 0 0 0 0 0 0 3 0 0 0 0 2 0 0 0 0 1.49925037481 0.0 0.0 0.0 0.0
0 0 2 6 0 0 0 0 0 0 4 0 0 0 0 3 0 0 0 0 1.99900049975 0.0 0.0 0.0 0.0
0 0 16 24 0 1 0 0 0 0 14 0 1 0 0 4 0 1 0 0 0.874945315918 0.0 0.0624960939941 0.0 0.0
1 3 1 4 0 0 0 0 0 0 3 0 0 0 0 3 0 0 0 0 2.997002997 0.0 0.0 0.0 0.0
1 0 0 12 0 0 0 0 0 0 0 0 0 0 0 0 0 0 0 0 0.0 0.0 0.0 0.0 0.0
0 3 0 27 0 0 0 0 0 0 0 0 0 0 0 0 0 0 0 0 0.0 0.0 0.0 0.0 0.0
0 0 1 12 0 0 0 1 0 0 10 0 0 0 0 10 0 0 0 0 9.99000999001 0.0 0.0 0.0 0.0
0 30 0 32 0 4 1 13 0 0 0 0 0 0 0 0 0 0 0 0 0.0 0.0 0.0 0.0 0.0
14 7 2 3 0 0 0 0 0 0 3 0 0 0 0 2 0 0 0 0 1.49925037481 0.0 0.0 0.0 0.0
0 1 5 12 0 0 0 1 10 0 7 0 0 0 0 4 0 0 0 0 1.39972005599 0.0 0.0 0.0 0.0
0 8 1 4 0 0 0 0 0 0 0 0 0 0 0 0 0 0 0 0 0.0 0.0 0.0 0.0 0.0
0 0 1 3 0 0 0 0 5 0 0 0 0 0 0 0 0 0 0 0 0.0 0.0 0.0 0.0 0.0
0 0 1 8 0 1 1 0 0 0 1 0 1 1 0 1 0 1 1 0 0.999000999001 0.0 0.999000999001 0.999000999001 0.0
0 0 0 11 0 0 0 1 0 0 0 0 0 0 0 0 0 0 0 0 0.0 0.0 0.0 0.0 0.0
1 1 1 12 0 1 0 0 0 0 12 0 1 0 0 12 0 1 0 0 11.988011988 0.0 0.999000999001 0.0 0.0
0 2 1 1 0 0 0 1 0 0 0 0 0 0 0 0 0 0 0 0 0.0 0.0 0.0 0.0 0.0
13 13 8 9 0 0 0 0 0 0 21 0 0 0 0 8 0 0 0 0 2.62467191601 0.0 0.0 0.0 0.0
0 1 31 57 0 0 0 0 0 0 49 0 0 0 0 3 0 0 0 0 1.58059417438 0.0 0.0 0.0 0.0
0 0 1 0 0 0 0 0 0 0 0 0 0 0 0 0 0 0 0 0 0.0 0.0 0.0 0.0 0.0
0 1 1 1 0 0 0 0 0 0 0 0 0 0 0 0 0 0 0 0 0.0 0.0 0.0 0.0 0.0
0 0 1 3 0 1 1 0 0 0 1 0 1 1 0 1 0 1 1 0 0.999000999001 0.0 0.999000999001 0.999000999001 0.0
2 10 61 244 4 1 1 0 0 0 110 1 0 0 4 6 1 0 0 2 1.80324912706 0.0163931738824 0.0 0.0 0.0655726955296
0 0 1 5 0 0 0 0 0 0 4 0 0 0 0 4 0 0 0 0 3.996003996 0.0 0.0 0.0 0.0
0 1 1 14 0 0 0 0 0 0 0 0 0 0 0 0 0 0 0 0 0.0 0.0 0.0 0.0 0.0
2 1 1 3 0 0 0 0 0 0 3 0 0 0 0 3 0 0 0 0 2.997002997 0.0 0.0 0.0 0.0
0 17 0 17 0 0 0 0 0 0 0 0 0 0 0 0 0 0 0 0 0.0 0.0 0.0 0.0 0.0
0 1 0 12 0 0 0 0 0 0 0 0 0 0 0 0 0 0 0 0 0.0 0.0 0.0 0.0 0.0
0 0 0 25 0 0 0 21 0 0 0 0 0 0 0 0 0 0 0 0 0.0 0.0 0.0 0.0 0.0
1 12 1 9 0 0 0 1 0 0 3 0 0 0 0 3 0 0 0 0 2.997002997 0.0 0.0 0.0 0.0
0 32 6 11 0 0 0 2 0 0 1 0 0 0 0 1 0 0 0 0 0.166638893518 0.0 0.0 0.0 0.0
0 0 0 20 0 0 0 0 0 0 0 0 0 0 0 0 0 0 0 0 0.0 0.0 0.0 0.0 0.0
1 1 0 67 0 0 0 0 1 0 0 0 0 0 0 0 0 0 0 0 0.0 0.0 0.0 0.0 0.0
0 16 4 52 0 0 0 0 0 0 48 0 0 0 0 17 0 0 0 0 11.9970007498 0.0 0.0 0.0 0.0
0 0 1 16 0 0 0 0 0 0 0 0 0 0 0 0 0 0 0 0 0.0 0.0 0.0 0.0 0.0
0 0 1 2 0 0 0 0 0 0 0 0 0 0 0 0 0 0 0 0 0.0 0.0 0.0 0.0 0.0
0 0 1 3 0 1 0 0 0 0 0 0 0 0 0 0 0 0 0 0 0.0 0.0 0.0 0.0 0.0
0 0 64 104 0 0 0 0 0 0 119 0 0 0 8 14 0 0 0 1 1.85934594772 0.0 0.0 0.0 0.124998046906
0 1 0 12 0 0 0 0 0 0 0 0 0 0 0 0 0 0 0 0 0.0 0.0 0.0 0.0 0.0
0 13 0 46 0 3 0 0 1 0 0 0 0 0 0 0 0 0 0 0 0.0 0.0 0.0 0.0 0.0
0 1 0 33 0 0 0 0 1 0 0 0 0 0 0 0 0 0 0 0 0.0 0.0 0.0 0.0 0.0
0 1 0 17 0 0 0 0 0 0 0 0 0 0 0 0 0 0 0 0 0.0 0.0 0.0 0.0 0.0
1 11 1 5 0 0 0 0 0 0 1 0 0 0 0 1 0 0 0 0 0.999000999001 0.0 0.0 0.0 0.0
0 0 61 99 0 1 0 0 0 0 101 0 1 0 0 11 0 1 0 0 1.65571056212 0.0 0.0163931738824 0.0 0.0
0 0 1 1 0 0 0 0 0 0 1 0 0 0 0 1 0 0 0 0 0.999000999001 0.0 0.0 0.0 0.0
0 7 2 25 0 0 1 0 0 0 0 0 0 0 0 0 0 0 0 0 0.0 0.0 0.0 0.0 0.0
0 0 0 14 0 0 0 0 0 0 0 0 0 0 0 0 0 0 0 0 0.0 0.0 0.0 0.0 0.0
0 0 5 24 0 0 0 0 0 0 20 0 0 0 0 8 0 0 0 0 3.99920015997 0.0 0.0 0.0 0.0
0 1 0 13 0 0 0 0 0 0 0 0 0 0 0 0 0 0 0 0 0.0 0.0 0.0 0.0 0.0
0 0 1 7 0 0 0 0 0 0 5 0 0 0 0 5 0 0 0 0 4.995004995 0.0 0.0 0.0 0.0
0 0 2 7 0 0 0 0 0 0 7 0 0 0 0 6 0 0 0 0 3.49825087456 0.0 0.0 0.0 0.0
0 1 10 14 0 0 0 0 0 0 35 0 0 0 0 16 0 0 0 0 3.499650035 0.0 0.0 0.0 0.0
0 0 0 15 0 0 0 0 0 0 0 0 0 0 0 0 0 0 0 0 0.0 0.0 0.0 0.0 0.0
0 0 1 0 0 0 0 0 0 0 0 0 0 0 0 0 0 0 0 0 0.0 0.0 0.0 0.0 0.0
0 1 0 56 0 0 0 6 0 0 0 0 0 0 0 0 0 0 0 0 0.0 0.0 0.0 0.0 0.0
12 0 1 2 0 0 0 0 0 0 11 0 0 0 2 11 0 0 0 2 10.989010989 0.0 0.0 0.0 1.998001998
0 0 1 3 0 0 0 0 0 0 3 0 0 0 0 3 0 0 0 0 2.997002997 0.0 0.0 0.0 0.0
1 0 113 173 0 0 0 0 0 0 135 0 0 0 7 5 0 0 0 2 1.1946796931 0.0 0.0 0.0 0.061946354457
0 0 1 0 0 0 0 0 0 0 0 0 0 0 0 0 0 0 0 0 0.0 0.0 0.0 0.0 0.0
0 0 1 4 0 0 0 0 0 0 4 0 0 0 0 4 0 0 0 0 3.996003996 0.0 0.0 0.0 0.0
2 1 11 47 0 0 0 1 0 0 29 0 0 0 0 5 0 0 0 0 2.63612398873 0.0 0.0 0.0 0.0
3 6 1 2 0 0 0 0 0 0 2 0 0 0 0 2 0 0 0 0 1.998001998 0.0 0.0 0.0 0.0
0 1 0 18 0 0 0 0 0 0 0 0 0 0 0 0 0 0 0 0 0.0 0.0 0.0 0.0 0.0
0 0 0 17 0 0 0 0 0 0 0 0 0 0 0 0 0 0 0 0 0.0 0.0 0.0 0.0 0.0
0 4 1 29 0 1 0 2 0 0 0 0 0 0 0 0 0 0 0 0 0.0 0.0 0.0 0.0 0.0
5 0 1 2 0 0 0 0 0 0 1 0 0 0 0 1 0 0 0 0 0.999000999001 0.0 0.0 0.0 0.0
0 1 0 37 0 1 0 0 0 0 0 0 0 0 0 0 0 0 0 0 0.0 0.0 0.0 0.0 0.0
0 0 0 77 0 0 0 0 0 0 0 0 0 0 0 0 0 0 0 0 0.0 0.0 0.0 0.0 0.0
0 0 1 2 0 0 0 0 0 0 1 0 0 0 0 1 0 0 0 0 0.999000999001 0.0 0.0 0.0 0.0
6 9 17 31 1 0 0 0 0 0 56 0 0 0 1 9 0 0 0 1 3.29392388683 0.0 0.0 0.0 0.0588200694077
0 0 0 13 0 0 0 3 0 0 0 0 0 0 0 0 0 0 0 0 0.0 0.0 0.0 0.0 0.0
16 23 57 86 3 1 0 1 1 0 136 2 2 0 12 42 2 1 0 4 2.38592305398 0.035087103735 0.035087103735 0.0 0.21052262241
0 0 1 3 0 0 0 0 0 0 3 0 0 0 0 3 0 0 0 0 2.997002997 0.0 0.0 0.0 0.0
0 0 1 1 0 0 0 0 1 0 1 0 0 0 0 1 0 0 0 0 0.999000999001 0.0 0.0 0.0 0.0
37 4 8 18 0 0 0 2 0 0 26 0 0 0 0 8 0 0 0 0 3.24959380077 0.0 0.0 0.0 0.0
0 0 3 2 0 0 0 0 0 0 0 0 0 0 0 0 0 0 0 0 0.0 0.0 0.0 0.0 0.0
1 14 15 55 0 4 3 0 0 0 24 0 1 0 0 7 0 1 0 0 1.59989334044 0.0 0.0666622225185 0.0 0.0
309 24 113 404 46 14 0 21 9 0 1509 27 44 6 282 372 4 5 3 76 13.3538641251 0.23893593862 0.389377085159 0.0530968752489 2.4955531367
0 1 2 0 0 0 0 0 1 0 0 0 0 0 0 0 0 0 0 0 0.0 0.0 0.0 0.0 0.0
0 0 1 0 0 0 0 0 0 0 0 0 0 0 0 0 0 0 0 0 0.0 0.0 0.0 0.0 0.0
0 0 1 2 0 0 0 0 0 0 2 0 0 0 0 2 0 0 0 0 1.998001998 0.0 0.0 0.0 0.0
2 2 7 18 0 3 0 0 5 0 7 0 3 0 0 2 0 1 0 0 0.999857163262 0.0 0.428510212827 0.0 0.0
44 6 101 253 0 3 0 0 3 0 624 2 8 6 15 59 1 1 3 3 6.17815665191 0.0198017841408 0.079207136563 0.0594053524223 0.148513381056
0 10 2 2 0 0 0 0 0 0 2 0 0 0 0 1 0 0 0 0 0.999500249875 0.0 0.0 0.0 0.0
0 0 1 1 0 0 0 0 2 0 1 0 0 0 0 1 0 0 0 0 0.999000999001 0.0 0.0 0.0 0.0
0 0 4 1 0 0 0 0 0 0 0 0 0 0 0 0 0 0 0 0 0.0 0.0 0.0 0.0 0.0
0 1 0 32 0 0 0 2 0 0 0 0 0 0 0 0 0 0 0 0 0.0 0.0 0.0 0.0 0.0
0 0 1 21 0 0 0 1 0 0 0 0 0 0 0 0 0 0 0 0 0.0 0.0 0.0 0.0 0.0
0 11 69 130 0 0 0 1 2 0 93 0 0 0 0 7 0 0 0 0 1.34780655353 0.0 0.0 0.0 0.0
0 0 1 0 0 0 0 0 0 0 0 0 0 0 0 0 0 0 0 0 0.0 0.0 0.0 0.0 0.0
0 1 27 35 0 1 0 0 0 0 31 0 1 0 3 6 0 1 0 1 1.14810562572 0.0 0.0370356653457 0.0 0.111106996037
0 0 8 22 0 0 0 0 0 0 21 0 0 0 0 5 0 0 0 0 2.62467191601 0.0 0.0 0.0 0.0
2 0 99 435 0 4 0 0 0 0 464 0 4 0 0 46 0 1 0 0 4.68682134524 0.0 0.0404036322865 0.0 0.0
0 0 2 2 0 1 0 0 0 0 5 0 1 0 1 4 0 1 0 1 2.49875062469 0.0 0.499750124938 0.0 0.499750124938
1 1 212 102 0 0 0 0 0 0 116 0 0 0 2 6 0 0 0 1 0.547167230343 0.0 0.0 0.0 0.00943391776454
1 25 7 5 0 0 0 0 17 0 3 0 0 0 2 1 0 0 0 2 0.428510212827 0.0 0.0 0.0 0.285673475218
0 0 1 0 0 0 0 0 0 0 0 0 0 0 0 0 0 0 0 0 0.0 0.0 0.0 0.0 0.0
0 0 0 33 0 0 0 0 0 0 0 0 0 0 0 0 0 0 0 0 0.0 0.0 0.0 0.0 0.0
0 0 1 0 0 0 0 0 0 0 0 0 0 0 0 0 0 0 0 0 0.0 0.0 0.0 0.0 0.0
0 1 16 22 0 1 0 2 0 0 11 0 0 0 0 2 0 0 0 0 0.687457033935 0.0 0.0 0.0 0.0
0 1 177 227 0 0 0 0 0 0 265 0 0 0 5 11 0 0 0 2 1.49716668267 0.0 0.0 0.0 0.028248427975
1 3 5 26 0 0 0 0 0 0 13 0 0 0 0 4 0 0 0 0 2.59948010398 0.0 0.0 0.0 0.0
0 26 0 89 0 0 0 8 0 0 0 0 0 0 0 0 0 0 0 0 0.0 0.0 0.0 0.0 0.0
0 0 1 1 0 0 0 0 0 0 0 0 0 0 0 0 0 0 0 0 0.0 0.0 0.0 0.0 0.0
0 1 6 32 0 0 0 0 0 0 22 0 0 0 0 5 0 0 0 0 3.66605565739 0.0 0.0 0.0 0.0
0 0 1 0 0 1 0 0 0 0 0 0 0 0 0 0 0 0 0 0 0.0 0.0 0.0 0.0 0.0
4 5 21 28 0 0 0 0 2 0 11 0 0 0 0 3 0 0 0 0 0.523784581687 0.0 0.0 0.0 0.0
0 0 8 13 0 0 0 0 0 0 13 0 0 0 0 4 0 0 0 0 1.62479690039 0.0 0.0 0.0 0.0
7 17 3 60 0 3 0 1 63 0 8 1 0 0 0 4 1 0 0 0 2.66577807398 0.333222259247 0.0 0.0 0.0
37 0 71 125 0 0 0 0 0 0 228 0 1 0 1 26 0 1 0 1 3.21122237715 0.0 0.0140843086717 0.0 0.0140843086717
32 15 41 351 876 21 0 0 0 0 745 1010 43 1 7 69 81 5 1 2 18.1702885295 24.6335455233 1.04875490842 0.024389649033 0.170727543231
0 57 122 130 0 1 0 0 2 0 161 0 1 0 3 5 0 1 0 1 1.31966131425 0.0 0.00819665412579 0.0 0.0245899623774
0 0 167 8 0 0 0 0 0 0 7 0 0 0 0 1 0 0 0 0 0.0419159166712 0.0 0.0 0.0 0.0
3 4 66 91 0 1 1 0 1 0 95 0 1 1 1 5 0 1 1 1 1.43937213073 0.0 0.0151512855866 0.0151512855866 0.0151512855866
0 0 1 0 0 0 0 0 0 0 1 0 0 0 0 1 0 0 0 0 0.999000999001 0.0 0.0 0.0 0.0
0 0 7 24 0 0 0 0 0 0 17 0 0 0 0 6 0 0 0 0 2.42822453935 0.0 0.0 0.0 0.0
0 0 10 0 0 0 0 0 0 0 1 0 0 0 0 1 0 0 0 0 0.0999900009999 0.0 0.0 0.0 0.0
0 0 26 14 0 0 0 0 0 0 13 0 1 0 0 2 0 1 0 0 0.49998076997 0.0 0.0384600592285 0.0 0.0
5 6 0 13 0 0 0 0 1 0 0 0 0 0 0 0 0 0 0 0 0.0 0.0 0.0 0.0 0.0
23 12 51 733 1596 0 0 0 4 0 818 1034 14 1 2 60 83 2 1 2 16.038901198 20.2741122723 0.274504421482 0.0196074586773 0.0392149173546
3 11 1 32 0 0 0 0 0 0 11 0 0 0 2 11 0 0 0 2 10.989010989 0.0 0.0 0.0 1.998001998
0 0 33 42 0 0 0 0 0 0 43 0 0 0 0 3 0 0 0 0 1.30299081846 0.0 0.0 0.0 0.0
23 5 18 37 0 2 0 0 0 0 45 2 1 0 0 8 2 1 0 0 2.49986111883 0.111104938615 0.0555524693073 0.0 0.0
0 1 2 5 0 0 0 0 0 0 1 0 0 0 0 1 0 0 0 0 0.499750124938 0.0 0.0 0.0 0.0
0 0 1 7 0 0 0 0 0 0 6 0 0 0 0 6 0 0 0 0 5.99400599401 0.0 0.0 0.0 0.0
0 1 1 0 0 0 0 0 0 0 0 0 0 0 0 0 0 0 0 0 0.0 0.0 0.0 0.0 0.0
0 2 1 7 0 0 0 0 0 0 2 0 0 0 0 2 0 0 0 0 1.998001998 0.0 0.0 0.0 0.0
5 8 3 54 0 0 0 2 0 0 34 0 0 0 1 20 0 0 0 1 11.3295568144 0.0 0.0 0.0 0.333222259247
0 2 1 7 0 0 0 0 0 0 0 0 0 0 0 0 0 0 0 0 0.0 0.0 0.0 0.0 0.0
0 1 62 137 0 0 0 0 0 0 109 0 0 0 3 8 0 0 0 1 1.75803616071 0.0 0.0 0.0 0.0483863163497
0 1 1 3 0 0 0 0 0 0 0 0 0 0 0 0 0 0 0 0 0.0 0.0 0.0 0.0 0.0
0 2 20 37 0 0 0 0 0 0 37 0 0 0 1 6 0 0 0 1 1.84990750462 0.0 0.0 0.0 0.049997500125
6 19 77 93 0 0 0 1 0 0 96 0 1 0 8 9 0 1 0 2 1.24673705536 0.0 0.0129868443267 0.0 0.103894754614
0 0 0 12 0 1 0 0 0 0 0 0 0 0 0 0 0 0 0 0 0.0 0.0 0.0 0.0 0.0
1 16 11 21 0 0 0 0 0 0 12 0 0 0 0 4 0 0 0 0 1.09080992637 0.0 0.0 0.0 0.0
3 3 83 61 0 0 0 0 0 0 60 0 0 0 1 6 0 0 0 1 0.722882856833 0.0 0.0 0.0 0.0120480476139
34 0 74 1252 1431 0 0 0 0 0 1090 1565 13 0 4 31 36 3 0 1 14.729530682 21.14836286 0.175673301712 0.0 0.0540533236037
0 0 0 83 0 0 0 0 0 0 0 0 0 0 0 0 0 0 0 0 0.0 0.0 0.0 0.0 0.0
1 0 4 0 0 0 0 0 0 0 1 0 0 0 1 1 0 0 0 1 0.249937515621 0.0 0.0 0.0 0.249937515621
6 5 2 5 0 0 0 0 0 0 3 0 0 0 0 2 0 0 0 0 1.49925037481 0.0 0.0 0.0 0.0
0 0 1 1 0 0 0 0 0 0 1 0 0 0 0 1 0 0 0 0 0.999000999001 0.0 0.0 0.0 0.0
1 0 1 3 0 0 0 0 0 0 2 0 0 0 0 2 0 0 0 0 1.998001998 0.0 0.0 0.0 0.0
2 1 7 12 0 0 0 0 0 0 5 0 0 0 0 2 0 0 0 0 0.714183688045 0.0 0.0 0.0 0.0
0 0 17 18 0 7 0 0 0 0 24 0 7 1 0 7 0 1 1 0 1.41168166578 0.0 0.411740485854 0.0588200694077 0.0
0 0 10 14 0 1 0 3 0 0 18 0 0 0 1 5 0 0 0 1 1.799820018 0.0 0.0 0.0 0.0999900009999
0 0 18 12 0 2 0 0 0 0 11 0 2 0 0 4 0 1 0 0 0.61107716238 0.0 0.111104938615 0.0 0.0
46 9 2 7 0 0 0 0 0 0 4 0 0 0 1 3 0 0 0 1 1.99900049975 0.0 0.0 0.0 0.499750124938
0 0 0 40 0 0 0 0 0 0 0 0 0 0 0 0 0 0 0 0 0.0 0.0 0.0 0.0 0.0
0 3 0 32 0 1 0 0 0 0 0 0 0 0 0 0 0 0 0 0 0.0 0.0 0.0 0.0 0.0
0 2 0 11 0 0 0 0 0 0 0 0 0 0 0 0 0 0 0 0 0.0 0.0 0.0 0.0 0.0
0 0 3 7 0 0 0 0 0 0 0 0 0 0 0 0 0 0 0 0 0.0 0.0 0.0 0.0 0.0
0 19 13 82 0 3 0 0 0 0 28 0 1 0 0 8 0 1 0 0 2.15368048612 0.0 0.0769171602184 0.0 0.0
0 4 8 49 0 0 0 0 0 0 20 0 0 0 0 4 0 0 0 0 2.49968753906 0.0 0.0 0.0 0.0
0 4 1 1 0 0 0 0 0 0 0 0 0 0 0 0 0 0 0 0 0.0 0.0 0.0 0.0 0.0
2 10 6 16 0 0 0 3 0 0 13 0 0 0 0 5 0 0 0 0 2.16630561573 0.0 0.0 0.0 0.0
119 26 19 41 0 1 0 1 0 0 45 0 0 0 0 18 0 0 0 0 2.36829640545 0.0 0.0 0.0 0.0
0 0 0 32 0 0 0 0 0 0 0 0 0 0 0 0 0 0 0 0 0.0 0.0 0.0 0.0 0.0
0 0 0 29 0 0 0 0 0 0 0 0 0 0 0 0 0 0 0 0 0.0 0.0 0.0 0.0 0.0
0 0 1 2 0 1 0 0 0 0 1 0 1 0 0 1 0 1 0 0 0.999000999001 0.0 0.999000999001 0.0 0.0
0 2 2 20 0 0 0 0 0 0 8 0 0 0 0 7 0 0 0 0 3.9980009995 0.0 0.0 0.0 0.0
0 0 1 0 0 0 0 0 0 0 0 0 0 0 0 0 0 0 0 0 0.0 0.0 0.0 0.0 0.0
0 3 6 10 0 0 0 4 0 0 11 0 0 0 0 4 0 0 0 0 1.8330278287 0.0 0.0 0.0 0.0
9 18 13 45 0 0 0 4 1 0 62 2 0 0 2 11 1 0 0 1 4.76886393354 0.153834320437 0.0 0.0 0.153834320437
0 29 50 77 0 0 0 4 0 0 64 0 0 0 0 4 0 0 0 0 1.27997440051 0.0 0.0 0.0 0.0
0 0 1 1 0 0 0 0 0 0 3 0 0 0 1 3 0 0 0 1 2.997002997 0.0 0.0 0.0 0.999000999001
0 0 1 1 0 0 0 0 0 0 0 0 0 0 0 0 0 0 0 0 0.0 0.0 0.0 0.0 0.0
1 42 0 13 0 0 0 0 0 0 0 0 0 0 0 0 0 0 0 0 0.0 0.0 0.0 0.0 0.0
2 3 108 211 0 0 0 1 0 0 208 0 1 0 1 15 0 1 0 1 1.92590809344 0.0 0.00925917352617 0.0 0.00925917352617
0 0 1 9 0 4 0 1 0 0 1 0 0 0 0 1 0 0 0 0 0.999000999001 0.0 0.0 0.0 0.0
1 1 1 0 0 0 0 0 0 0 0 0 0 0 0 0 0 0 0 0 0.0 0.0 0.0 0.0 0.0
0 0 16 30 0 1 0 0 0 0 32 0 1 0 0 14 0 1 0 0 1.99987500781 0.0 0.0624960939941 0.0 0.0
8 9 2 12 0 0 0 0 0 0 1 0 0 0 1 1 0 0 0 1 0.499750124938 0.0 0.0 0.0 0.499750124938
0 1 2 2 0 0 0 0 0 0 2 0 0 0 0 2 0 0 0 0 0.999500249875 0.0 0.0 0.0 0.0
1 1 1 1 0 0 0 0 0 0 0 0 0 0 0 0 0 0 0 0 0.0 0.0 0.0 0.0 0.0
44 10 34 844 1215 102 2 0 0 0 851 1040 44 3 7 74 87 3 1 2 25.0286756272 30.5873356666 1.29407958589 0.0882326990383 0.205876297756
514 22 11 124 2 9 0 0 10 0 331 4 10 2 16 85 2 2 1 5 30.0881738024 0.36360330879 0.909008271975 0.181801654395 1.45441323516
0 0 1 0 0 0 0 0 0 0 0 0 0 0 0 0 0 0 0 0 0.0 0.0 0.0 0.0 0.0
0 7 0 19 0 1 0 0 0 0 0 0 0 0 0 0 0 0 0 0 0.0 0.0 0.0 0.0 0.0
1 28 0 26 0 0 0 0 0 0 0 0 0 0 0 0 0 0 0 0 0.0 0.0 0.0 0.0 0.0
0 0 1 0 0 0 0 0 0 0 0 0 0 0 0 0 0 0 0 0 0.0 0.0 0.0 0.0 0.0
1 19 2 0 0 0 0 0 0 0 0 0 0 0 0 0 0 0 0 0 0.0 0.0 0.0 0.0 0.0
0 2 1 1 0 0 0 0 0 0 0 0 0 0 0 0 0 0 0 0 0.0 0.0 0.0 0.0 0.0
0 0 0 14 0 0 0 0 0 0 0 0 0 0 0 0 0 0 0 0 0.0 0.0 0.0 0.0 0.0
0 1 1 0 0 0 0 0 0 0 1 0 0 0 0 1 0 0 0 0 0.999000999001 0.0 0.0 0.0 0.0
2 30 0 24 0 0 0 0 0 0 0 0 0 0 0 0 0 0 0 0 0.0 0.0 0.0 0.0 0.0
11 0 21 438 527 10 1 0 0 0 145 260 7 1 0 18 24 1 1 0 6.90443312223 12.3803628399 0.333317461073 0.0476167801533 0.0
0 2 2 16 0 0 0 0 0 0 5 0 0 0 0 4 0 0 0 0 2.49875062469 0.0 0.0 0.0 0.0
0 7 1 22 0 1 0 1 0 0 0 0 0 0 0 0 0 0 0 0 0.0 0.0 0.0 0.0 0.0
0 0 1 0 0 0 0 0 0 0 0 0 0 0 0 0 0 0 0 0 0.0 0.0 0.0 0.0 0.0
0 19 7 38 0 1 0 2 0 0 26 0 0 0 0 17 0 0 0 0 3.71375517783 0.0 0.0 0.0 0.0
0 0 1 4 0 0 0 0 0 0 2 0 0 0 0 2 0 0 0 0 1.998001998 0.0 0.0 0.0 0.0
0 0 1 0 0 0 0 0 0 0 0 0 0 0 0 0 0 0 0 0 0.0 0.0 0.0 0.0 0.0
62 44 174 193 22 4 0 0 3 0 306 25 2 0 2 16 3 1 0 1 1.7586105827 0.143677335188 0.011494186815 0.0 0.011494186815
0 0 1 0 0 0 0 0 0 0 1 0 0 0 0 1 0 0 0 0 0.999000999001 0.0 0.0 0.0 0.0
2 3 18 28 0 0 0 2 0 0 29 0 0 0 1 4 0 0 0 1 1.61102160991 0.0 0.0 0.0 0.0555524693073
5 243 0 64 0 0 0 0 0 0 0 0 0 0 0 0 0 0 0 0 0.0 0.0 0.0 0.0 0.0
0 0 11 3 0 0 0 0 1 0 4 0 0 0 0 1 0 0 0 0 0.36360330879 0.0 0.0 0.0 0.0
1 0 6 15 0 0 0 2 0 0 10 0 0 0 0 6 0 0 0 0 1.66638893518 0.0 0.0 0.0 0.0
1 1 1 2 0 0 0 0 0 0 1 0 0 0 0 1 0 0 0 0 0.999000999001 0.0 0.0 0.0 0.0
0 0 0 16 0 0 0 0 0 0 0 0 0 0 0 0 0 0 0 0 0.0 0.0 0.0 0.0 0.0
0 1 1 3 0 0 0 0 0 0 0 0 0 0 0 0 0 0 0 0 0.0 0.0 0.0 0.0 0.0
0 1 7 34 0 0 0 0 0 0 27 0 0 0 0 8 0 0 0 0 3.85659191544 0.0 0.0 0.0 0.0
0 11 1 5 0 0 0 0 0 0 1 0 0 0 0 1 0 0 0 0 0.999000999001 0.0 0.0 0.0 0.0
0 0 0 57 0 0 0 0 0 0 0 0 0 0 0 0 0 0 0 0 0.0 0.0 0.0 0.0 0.0
0 0 1 0 0 0 0 0 0 0 0 0 0 0 0 0 0 0 0 0 0.0 0.0 0.0 0.0 0.0
1039 120 85 198 68 80 1 0 13 0 3716 109 235 10 254 1974 85 76 5 149 43.7171327396 1.28233785485 2.76467335678 0.117645674757 2.98820013882
9 8 5 55 0 0 0 0 0 0 55 0 1 0 0 16 0 1 0 0 10.9978004399 0.0 0.199960007998 0.0 0.0
0 7 0 29 2 0 0 0 0 0 0 0 0 0 0 0 0 0 0 0 0.0 0.0 0.0 0.0 0.0
0 19 9 17 0 0 0 0 0 0 14 0 0 0 0 2 0 0 0 0 1.55538273525 0.0 0.0 0.0 0.0
0 4 0 0 0 0 0 3 0 0 0 0 0 0 0 0 0 0 0 0 0.0 0.0 0.0 0.0 0.0
5 9 3 4 0 0 0 0 0 0 7 0 0 0 0 5 0 0 0 0 2.33255581473 0.0 0.0 0.0 0.0
53 6 4 37 0 0 0 0 0 0 128 0 0 0 4 69 0 0 0 4 31.9920019995 0.0 0.0 0.0 0.999750062484
0 1 23 54 0 0 0 2 0 0 78 0 0 0 1 24 0 0 0 1 3.39115690622 0.0 0.0 0.0 0.0434763705926
4 0 134 181 0 0 0 0 0 0 175 0 0 0 3 11 0 0 0 2 1.30596040328 0.0 0.0 0.0 0.0223878926277
0 2 1 2 0 0 0 0 0 0 1 0 0 0 0 1 0 0 0 0 0.999000999001 0.0 0.0 0.0 0.0
0 0 1 0 0 0 0 0 0 0 0 0 0 0 0 0 0 0 0 0 0.0 0.0 0.0 0.0 0.0
0 0 1 13 0 0 0 0 0 0 0 0 0 0 0 0 0 0 0 0 0.0 0.0 0.0 0.0 0.0
3 0 1 0 0 0 0 0 0 0 0 0 0 0 0 0 0 0 0 0 0.0 0.0 0.0 0.0 0.0
3 12 6 16 0 0 0 0 0 0 8 0 0 0 0 2 0 0 0 0 1.33311114814 0.0 0.0 0.0 0.0
0 10 0 37 0 0 0 1 0 0 0 0 0 0 0 0 0 0 0 0 0.0 0.0 0.0 0.0 0.0
3 3 89 54 0 0 0 0 0 0 87 0 0 0 9 4 0 0 0 2 0.977517106549 0.0 0.0 0.0 0.101122459298
0 0 1 0 0 0 0 0 0 0 0 0 0 0 0 0 0 0 0 0 0.0 0.0 0.0 0.0 0.0
0 0 2 3 0 0 0 0 0 0 1 0 0 0 0 1 0 0 0 0 0.499750124938 0.0 0.0 0.0 0.0
3 23 54 140 0 2 0 1 0 0 131 1 2 1 0 8 1 1 1 0 2.4258810022 0.0185181755893 0.0370363511787 0.0185181755893 0.0
53 14 145 1294 0 120 0 1 0 0 1768 4 147 6 46 135 1 3 2 3 12.1930193585 0.0275860166482 1.01378611182 0.0413790249722 0.317239191454
0 0 0 42 0 0 0 0 16 0 0 0 0 0 0 0 0 0 0 0 0.0 0.0 0.0 0.0 0.0
1 4 23 46 0 0 0 0 5 0 62 0 2 0 5 27 0 2 0 3 2.69553497674 0.0 0.0869527411852 0.0 0.217381852963
30 30 152 241 9 6 0 5 0 0 471 10 7 0 28 55 4 2 0 5 3.09866382458 0.0657890408616 0.0460523286031 0.0 0.184209314412
1 1 1 1 0 0 0 0 1 0 2 0 0 0 0 2 0 0 0 0 1.998001998 0.0 0.0 0.0 0.0
0 0 1 0 0 0 0 0 0 0 0 0 0 0 0 0 0 0 0 0 0.0 0.0 0.0 0.0 0.0
0 0 1 3 0 0 0 0 0 0 0 0 0 0 0 0 0 0 0 0 0.0 0.0 0.0 0.0 0.0
0 0 1 8 0 0 0 0 0 0 8 0 0 0 0 8 0 0 0 0 7.99200799201 0.0 0.0 0.0 0.0
0 2 20 52 0 0 0 0 0 0 52 0 0 0 2 20 0 0 0 2 2.5998700065 0.0 0.0 0.0 0.09999500025
0 4 0 13 0 0 0 0 0 0 0 0 0 0 0 0 0 0 0 0 0.0 0.0 0.0 0.0 0.0
0 1 2 30 0 0 1 0 0 0 6 0 0 0 0 4 0 0 0 0 2.99850074963 0.0 0.0 0.0 0.0
0 6 0 5 0 3 0 3 0 0 0 0 0 0 0 0 0 0 0 0 0.0 0.0 0.0 0.0 0.0
0 27 0 228 0 0 0 0 0 0 0 0 0 0 0 0 0 0 0 0 0.0 0.0 0.0 0.0 0.0
0 0 1 1 0 0 0 0 0 0 1 0 0 0 0 1 0 0 0 0 0.999000999001 0.0 0.0 0.0 0.0
0 0 0 14 0 0 0 0 0 0 0 0 0 0 0 0 0 0 0 0 0.0 0.0 0.0 0.0 0.0
0 1 7 8 0 0 0 0 0 0 5 0 0 0 0 2 0 0 0 0 0.714183688045 0.0 0.0 0.0 0.0
0 0 0 16 0 0 0 0 0 0 0 0 0 0 0 0 0 0 0 0 0.0 0.0 0.0 0.0 0.0
1 3 1 8 0 0 0 0 0 0 0 0 0 0 0 0 0 0 0 0 0.0 0.0 0.0 0.0 0.0
14 3 0 4067 0 0 0 0 0 0 0 0 0 0 0 0 0 0 0 0 0.0 0.0 0.0 0.0 0.0
0 0 21 5 0 0 0 0 0 0 4 0 1 0 1 2 0 1 0 1 0.190467120613 0.0 0.0476167801533 0.0 0.0476167801533
0 1 1 3 0 0 0 0 0 0 0 0 0 0 0 0 0 0 0 0 0.0 0.0 0.0 0.0 0.0
0 3 0 221 0 0 0 0 0 0 0 0 0 0 0 0 0 0 0 0 0.0 0.0 0.0 0.0 0.0
26 0 152 680 12 84 4 0 1 0 949 16 87 3 18 251 8 3 2 3 6.24337997776 0.105262465379 0.572364655496 0.0197367122585 0.118420273551
0 51 3 84 0 0 0 21 0 0 1 0 0 0 0 1 0 0 0 0 0.333222259247 0.0 0.0 0.0 0.0
1 2 0 10 0 7 0 0 0 0 0 0 0 0 0 0 0 0 0 0 0.0 0.0 0.0 0.0 0.0
3 15 15 108 0 0 0 0 1 0 146 0 0 0 3 97 0 0 0 3 9.7326844877 0.0 0.0 0.0 0.199986667555
2 27 1 7 0 0 0 1 0 0 1 0 0 0 0 1 0 0 0 0 0.999000999001 0.0 0.0 0.0 0.0
2 4 109 474 0 0 0 0 0 0 430 1 3 0 0 34 1 1 0 0 3.94491793653 0.00917422775938 0.0275226832781 0.0 0.0
1 0 60 45 0 0 0 1 0 0 59 2 1 0 5 5 2 1 0 1 0.983316944718 0.033332777787 0.0166663888935 0.0 0.0833319444676
40 94 39 411 424 1 0 0 2 0 430 550 10 0 1 27 40 3 0 1 11.0253583241 14.1022025076 0.256403681957 0.0 0.0256403681957
107 16 85 112 0 0 0 1 0 0 406 5 0 0 9 38 4 0 0 2 4.77641439512 0.0588228373784 0.0 0.0 0.105881107281
0 0 0 41 0 0 0 4 0 0 0 0 0 0 0 0 0 0 0 0 0.0 0.0 0.0 0.0 0.0
0 1 1 0 0 0 0 0 0 0 0 0 0 0 0 0 0 0 0 0 0.0 0.0 0.0 0.0 0.0
0 0 2 0 0 0 0 0 0 0 1 0 0 0 0 1 0 0 0 0 0.499750124938 0.0 0.0 0.0 0.0
0 0 1 1 0 0 0 0 0 0 1 0 0 0 0 1 0 0 0 0 0.999000999001 0.0 0.0 0.0 0.0
4 51 85 180 3 1 0 3 0 0 174 3 1 0 3 9 2 1 0 1 2.04703474077 0.035293702427 0.0117645674757 0.0 0.035293702427
0 0 0 12 0 0 0 0 0 0 0 0 0 0 0 0 0 0 0 0 0.0 0.0 0.0 0.0 0.0
6 8 21 17 2 24 8 2 1 0 25 4 24 2 3 9 2 3 1 3 1.19041950383 0.190467120613 1.14280272368 0.0952335603067 0.14285034046
0 0 1 1 0 0 0 0 0 0 1 0 0 0 0 1 0 0 0 0 0.999000999001 0.0 0.0 0.0 0.0
80 6 17 27 0 0 0 0 0 0 138 0 2 0 2 67 0 1 0 1 8.11716957826 0.0 0.117640138815 0.0 0.117640138815
3 0 10 3 0 0 0 0 0 0 0 0 0 0 0 0 0 0 0 0 0.0 0.0 0.0 0.0 0.0
0 0 3 9 0 0 0 0 0 0 7 0 0 0 0 4 0 0 0 0 2.33255581473 0.0 0.0 0.0 0.0
0 3 0 15 0 0 0 1 0 0 0 0 0 0 0 0 0 0 0 0 0.0 0.0 0.0 0.0 0.0
0 4 1 24 0 0 0 0 0 0 21 0 0 0 0 21 0 0 0 0 20.979020979 0.0 0.0 0.0 0.0
0 0 20 9 0 6 0 0 0 0 17 0 5 0 0 7 0 1 0 0 0.849957502125 0.0 0.249987500625 0.0 0.0
0 0 2 3 0 0 0 0 0 0 3 0 0 0 0 2 0 0 0 0 1.49925037481 0.0 0.0 0.0 0.0
14 0 0 11 0 0 0 0 3 0 0 0 0 0 0 0 0 0 0 0 0.0 0.0 0.0 0.0 0.0
28 14 2 3 0 0 0 0 0 0 3 0 0 0 0 2 0 0 0 0 1.49925037481 0.0 0.0 0.0 0.0
0 0 1 1 0 0 0 0 0 0 27 0 0 0 0 27 0 0 0 0 26.973026973 0.0 0.0 0.0 0.0
0 0 1 5 0 0 0 0 0 0 5 0 0 0 0 5 0 0 0 0 4.995004995 0.0 0.0 0.0 0.0
0 3 1 5 0 0 0 0 0 0 0 0 0 0 0 0 0 0 0 0 0.0 0.0 0.0 0.0 0.0
18 18 11 35 1 0 0 0 0 0 117 0 0 0 4 53 0 0 0 3 10.6353967821 0.0 0.0 0.0 0.36360330879
0 0 2 1 0 0 0 0 0 0 1 0 0 0 0 1 0 0 0 0 0.499750124938 0.0 0.0 0.0 0.0
0 4 0 12 0 0 0 0 0 0 0 0 0 0 0 0 0 0 0 0 0.0 0.0 0.0 0.0 0.0
0 0 1 7 0 0 0 0 0 0 0 0 0 0 0 0 0 0 0 0 0.0 0.0 0.0 0.0 0.0
4 5 69 108 0 0 0 18 2 0 129 3 0 0 2 10 2 0 0 1 1.86953812264 0.043477630759 0.0 0.0 0.0289850871726
3 11 6 34 0 1 0 0 0 0 48 0 0 0 0 20 0 0 0 0 7.99866688885 0.0 0.0 0.0 0.0
0 0 1 5 0 0 0 0 0 0 4 0 0 0 0 4 0 0 0 0 3.996003996 0.0 0.0 0.0 0.0
1 1 0 33 0 0 0 0 0 0 0 0 0 0 0 0 0 0 0 0 0.0 0.0 0.0 0.0 0.0
0 0 1 0 0 0 0 0 0 0 0 0 0 0 0 0 0 0 0 0 0.0 0.0 0.0 0.0 0.0
0 0 0 28 0 0 0 0 0 0 0 0 0 0 0 0 0 0 0 0 0.0 0.0 0.0 0.0 0.0
0 1 11 6 0 0 0 0 0 0 6 0 0 0 0 3 0 0 0 0 0.545404963185 0.0 0.0 0.0 0.0
0 0 1 0 0 0 0 0 0 0 0 0 0 0 0 0 0 0 0 0 0.0 0.0 0.0 0.0 0.0
0 0 0 12 0 0 0 0 0 0 0 0 0 0 0 0 0 0 0 0 0.0 0.0 0.0 0.0 0.0
0 0 1 0 0 0 0 0 0 0 0 0 0 0 0 0 0 0 0 0 0.0 0.0 0.0 0.0 0.0
0 0 0 46 0 0 0 0 0 0 0 0 0 0 0 0 0 0 0 0 0.0 0.0 0.0 0.0 0.0
1 29 57 136 0 0 0 1 0 0 139 0 0 0 0 12 0 0 0 0 2.43855370958 0.0 0.0 0.0 0.0
2 3 69 130 0 31 5 0 0 0 283 16 87 14 5 58 3 7 5 2 4.10138983493 0.231880697381 1.26085129201 0.202895610209 0.0724627179316
1 0 1 95 0 0 0 0 0 0 0 0 0 0 0 0 0 0 0 0 0.0 0.0 0.0 0.0 0.0
0 0 1 3 0 0 0 0 0 0 1 0 0 0 0 1 0 0 0 0 0.999000999001 0.0 0.0 0.0 0.0
0 0 0 44 0 0 0 0 0 0 0 0 0 0 0 0 0 0 0 0 0.0 0.0 0.0 0.0 0.0
18 4 1 4 0 0 0 0 0 0 46 0 0 0 4 46 0 0 0 4 45.954045954 0.0 0.0 0.0 3.996003996
1 1 92 280 0 2 1 0 0 0 216 0 1 0 0 10 0 1 0 0 2.34780056739 0.0 0.0108694470712 0.0 0.0
0 16 0 41 0 5 0 4 0 0 0 0 0 0 0 0 0 0 0 0 0.0 0.0 0.0 0.0 0.0
0 0 2 0 0 0 0 0 0 0 0 0 0 0 0 0 0 0 0 0 0.0 0.0 0.0 0.0 0.0
0 0 1 2 0 0 0 0 0 0 2 0 0 0 0 2 0 0 0 0 1.998001998 0.0 0.0 0.0 0.0
5 35 86 281 0 1 0 0 0 0 217 3 0 0 1 17 2 0 0 1 2.52322647411 0.0348833153103 0.0 0.0 0.0116277717701
0 2 0 75 0 1 0 0 0 0 0 0 0 0 0 0 0 0 0 0 0.0 0.0 0.0 0.0 0.0
0 0 1 0 0 0 0 0 0 0 0 0 0 0 0 0 0 0 0 0 0.0 0.0 0.0 0.0 0.0
0 0 3 5 0 0 0 0 0 0 1 0 0 0 0 1 0 0 0 0 0.333222259247 0.0 0.0 0.0 0.0
0 1 0 17 0 0 0 0 0 0 0 0 0 0 0 0 0 0 0 0 0.0 0.0 0.0 0.0 0.0
3 0 71 208 0 3 0 0 0 0 217 0 0 0 1 22 0 0 0 1 3.05629498176 0.0 0.0 0.0 0.0140843086717
9 0 58 21 0 0 0 0 0 0 33 0 0 0 0 5 0 0 0 0 0.56895570766 0.0 0.0 0.0 0.0
1 6 1 1 0 0 0 0 0 0 1 0 0 0 0 1 0 0 0 0 0.999000999001 0.0 0.0 0.0 0.0
2 5 151 116 0 1 0 0 0 0 118 0 1 0 3 3 0 1 0 1 0.781451778465 0.0 0.00662247269886 0.0 0.0198674180966
0 4 0 2 0 0 0 3 0 0 0 0 0 0 0 0 0 0 0 0 0.0 0.0 0.0 0.0 0.0
1 0 1 1 0 0 0 0 0 0 1 0 0 0 0 1 0 0 0 0 0.999000999001 0.0 0.0 0.0 0.0
4 6 71 201 0 4 0 0 0 0 169 0 3 0 1 17 0 1 0 1 2.38024816552 0.0 0.0422529260151 0.0 0.0140843086717
1 4 9 19 0 0 0 0 0 0 15 0 0 0 0 3 0 0 0 0 1.66648150206 0.0 0.0 0.0 0.0
0 9 1 2 0 0 0 0 0 0 0 0 0 0 0 0 0 0 0 0 0.0 0.0 0.0 0.0 0.0
0 0 2 3 0 0 0 0 0 0 1 0 0 0 0 1 0 0 0 0 0.499750124938 0.0 0.0 0.0 0.0
0 22 0 28 0 0 0 0 0 0 0 0 0 0 0 0 0 0 0 0 0.0 0.0 0.0 0.0 0.0
0 0 8 47 0 0 0 0 0 0 38 0 0 0 0 14 0 0 0 0 4.74940632421 0.0 0.0 0.0 0.0
0 0 1 1 0 0 0 0 0 0 0 0 0 0 0 0 0 0 0 0 0.0 0.0 0.0 0.0 0.0
8 4 69 690 0 2 0 4 4 0 860 2 30 2 2 35 1 3 1 1 12.4635874842 0.0289850871726 0.43477630759 0.0289850871726 0.0289850871726
0 0 1 14 0 0 0 0 0 0 4 0 0 0 0 4 0 0 0 0 3.996003996 0.0 0.0 0.0 0.0
0 1 0 17 0 1 0 0 0 0 0 0 0 0 0 0 0 0 0 0 0.0 0.0 0.0 0.0 0.0
1 0 4 9 0 1 1 0 0 0 7 0 0 0 0 4 0 0 0 0 1.74956260935 0.0 0.0 0.0 0.0
3 7 13 27 0 0 0 9 0 0 14 0 0 0 0 4 0 0 0 0 1.07684024306 0.0 0.0 0.0 0.0
7 46 12 465 0 0 0 4 0 0 163 0 3 0 4 42 0 1 0 3 13.5822014832 0.0 0.249979168403 0.0 0.33330555787
21 0 15 42 0 1 0 0 0 0 224 3 11 3 4 153 3 7 2 2 14.9323378441 0.199986667555 0.733284447703 0.199986667555 0.266648890074
0 0 1 0 0 0 0 0 0 0 0 0 0 0 0 0 0 0 0 0 0.0 0.0 0.0 0.0 0.0
1 0 2 22 1 0 0 1 0 0 21 0 0 0 1 19 0 0 0 1 10.4947526237 0.0 0.0 0.0 0.499750124938
0 0 46 50 0 0 0 0 0 0 41 0 0 0 0 7 0 0 0 0 0.891284972066 0.0 0.0 0.0 0.0
0 1 2 7 0 0 0 0 0 0 2 0 0 0 0 1 0 0 0 0 0.999500249875 0.0 0.0 0.0 0.0
1 10 0 18 0 0 0 7 1 0 0 0 0 0 0 0 0 0 0 0 0.0 0.0 0.0 0.0 0.0
0 2 1 0 0 0 0 0 0 0 0 0 0 0 0 0 0 0 0 0 0.0 0.0 0.0 0.0 0.0
0 0 0 12 0 0 0 0 1 0 0 0 0 0 0 0 0 0 0 0 0.0 0.0 0.0 0.0 0.0
0 1 1 6 0 0 0 4 0 0 0 0 0 0 0 0 0 0 0 0 0.0 0.0 0.0 0.0 0.0
1 3 14 18 0 0 0 1 0 0 16 0 0 0 0 4 0 0 0 0 1.14277551603 0.0 0.0 0.0 0.0
0 0 0 13 0 0 0 0 0 0 0 0 0 0 0 0 0 0 0 0 0.0 0.0 0.0 0.0 0.0
0 32 0 66 0 0 0 0 0 0 0 0 0 0 0 0 0 0 0 0 0.0 0.0 0.0 0.0 0.0
0 5 1 1 0 0 0 0 0 0 2 0 0 0 0 2 0 0 0 0 1.998001998 0.0 0.0 0.0 0.0
0 0 1 0 0 0 0 0 0 0 0 0 0 0 0 0 0 0 0 0 0.0 0.0 0.0 0.0 0.0
0 0 0 14 0 0 0 0 0 0 0 0 0 0 0 0 0 0 0 0 0.0 0.0 0.0 0.0 0.0
0 4 0 17 0 0 0 0 0 0 0 0 0 0 0 0 0 0 0 0 0.0 0.0 0.0 0.0 0.0
1 0 1 2 0 0 0 0 0 0 3 0 0 0 0 3 0 0 0 0 2.997002997 0.0 0.0 0.0 0.0
0 0 1 1 0 0 0 0 0 0 0 0 0 0 0 0 0 0 0 0 0.0 0.0 0.0 0.0 0.0
0 3 1 0 0 0 0 0 0 0 0 0 0 0 0 0 0 0 0 0 0.0 0.0 0.0 0.0 0.0
0 1 0 12 0 0 0 0 0 0 0 0 0 0 0 0 0 0 0 0 0.0 0.0 0.0 0.0 0.0
0 6 4 24 0 0 1 2 0 0 1 0 0 0 0 1 0 0 0 0 0.249937515621 0.0 0.0 0.0 0.0
0 0 1 0 0 0 0 0 0 0 0 0 0 0 0 0 0 0 0 0 0.0 0.0 0.0 0.0 0.0
0 2 2 141 0 0 0 0 0 0 5 0 0 0 0 3 0 0 0 0 2.49875062469 0.0 0.0 0.0 0.0
3 9 115 215 0 1 1 0 0 0 257 2 1 2 3 19 2 1 1 1 2.23476317597 0.0173911531204 0.0086955765602 0.0173911531204 0.0260867296806
5 7 5 29 0 2 0 0 0 0 35 1 2 0 0 25 1 1 0 0 6.99860027994 0.199960007998 0.399920015997 0.0 0.0
0 5 1 5 0 1 0 0 0 0 0 0 0 0 0 0 0 0 0 0 0.0 0.0 0.0 0.0 0.0
9 0 8 73 0 0 0 0 0 0 96 0 0 0 4 23 0 0 0 3 11.9985001875 0.0 0.0 0.0 0.499937507812
0 1 3 3 0 0 0 0 0 0 3 0 0 0 0 2 0 0 0 0 0.999666777741 0.0 0.0 0.0 0.0
0 2 5 32 0 0 0 1 0 0 15 0 0 0 0 8 0 0 0 0 2.99940011998 0.0 0.0 0.0 0.0
0 0 96 90 0 0 0 0 0 0 86 0 0 0 0 3 0 0 0 0 0.895824001833 0.0 0.0 0.0 0.0
0 8 1 9 0 0 0 1 0 0 4 0 0 0 0 4 0 0 0 0 3.996003996 0.0 0.0 0.0 0.0
33 7 28 231 0 0 0 0 0 0 234 0 0 0 0 66 0 0 0 0 8.35684439841 0.0 0.0 0.0 0.0
0 4 1 2 0 0 0 0 0 0 2 0 0 0 0 2 0 0 0 0 1.998001998 0.0 0.0 0.0 0.0
0 1 1 3 0 0 0 0 0 0 1 0 0 0 0 1 0 0 0 0 0.999000999001 0.0 0.0 0.0 0.0
0 2 0 110 0 0 0 0 0 0 0 0 0 0 0 0 0 0 0 0 0.0 0.0 0.0 0.0 0.0
0 0 1 1 0 0 0 0 0 0 0 0 0 0 0 0 0 0 0 0 0.0 0.0 0.0 0.0 0.0
0 0 0 87 0 0 0 0 0 0 0 0 0 0 0 0 0 0 0 0 0.0 0.0 0.0 0.0 0.0
0 0 1 0 0 0 0 0 0 0 0 0 0 0 0 0 0 0 0 0 0.0 0.0 0.0 0.0 0.0
39 20 33 448 758 0 0 0 0 0 409 753 3 0 0 23 66 1 0 0 12.3935638314 22.8174903791 0.0909063361716 0.0 0.0
94 4 0 103 0 0 0 0 1 0 0 0 0 0 0 0 0 0 0 0 0.0 0.0 0.0 0.0 0.0
0 3 0 72 0 0 0 1 0 0 0 0 0 0 0 0 0 0 0 0 0.0 0.0 0.0 0.0 0.0
0 1 0 13 0 0 0 0 0 0 0 0 0 0 0 0 0 0 0 0 0.0 0.0 0.0 0.0 0.0
0 0 10 2 0 0 0 0 0 0 3 0 0 0 0 2 0 0 0 0 0.299970003 0.0 0.0 0.0 0.0
0 0 1 1 0 0 0 0 0 0 1 0 0 0 0 1 0 0 0 0 0.999000999001 0.0 0.0 0.0 0.0
15 19 216 377 0 0 0 0 0 0 1598 0 10 1 14 823 0 3 1 3 7.39811389762 0.0 0.0462960819626 0.00462960819626 0.0648145147476
9 4 7 19 0 0 0 0 0 0 96 0 2 0 5 36 0 2 0 3 13.7123268105 0.0 0.285673475218 0.0 0.714183688045
0 0 3 9 0 0 0 0 0 0 9 0 0 0 0 8 0 0 0 0 2.99900033322 0.0 0.0 0.0 0.0
0 1 0 29 0 0 0 0 0 0 0 0 0 0 0 0 0 0 0 0 0.0 0.0 0.0 0.0 0.0
1 1 70 82 0 0 0 0 0 0 83 0 0 0 0 8 0 0 0 0 1.18569734718 0.0 0.0 0.0 0.0
0 2 0 27 0 0 0 0 0 0 0 0 0 0 0 0 0 0 0 0 0.0 0.0 0.0 0.0 0.0
0 0 0 29 0 0 0 0 0 0 0 0 0 0 0 0 0 0 0 0 0.0 0.0 0.0 0.0 0.0
0 0 1 0 0 0 0 0 0 0 0 0 0 0 0 0 0 0 0 0 0.0 0.0 0.0 0.0 0.0
0 4 1 11 0 3 1 0 0 0 2 0 1 0 0 2 0 1 0 0 1.998001998 0.0 0.999000999001 0.0 0.0
0 0 1 3 0 0 0 0 0 0 3 0 0 0 0 3 0 0 0 0 2.997002997 0.0 0.0 0.0 0.0
0 2 2 11 0 0 0 0 0 0 1 0 0 0 0 1 0 0 0 0 0.499750124938 0.0 0.0 0.0 0.0
14 0 56 193 0 8 0 0 0 0 744 11 18 4 10 97 2 3 1 2 13.2854770451 0.196425063838 0.321422831735 0.0714272959411 0.178568239853
160 5 93 192 3 0 0 0 4 0 1510 16 18 4 79 120 3 5 1 8 16.236384555 0.172041160848 0.193546305954 0.0430102902119 0.849453231686
3 16 311 186 0 2 0 2 0 0 264 1 4 1 13 19 1 1 1 3 0.848871868579 0.00321542374462 0.0128616949785 0.00321542374462 0.04180050868
0 0 0 18 0 0 0 0 0 0 0 0 0 0 0 0 0 0 0 0 0.0 0.0 0.0 0.0 0.0
0 5 0 25 0 0 0 0 0 0 0 0 0 0 0 0 0 0 0 0 0.0 0.0 0.0 0.0 0.0
0 10 0 29 0 0 0 0 0 0 0 0 0 0 0 0 0 0 0 0 0.0 0.0 0.0 0.0 0.0
0 24 14 21 0 0 0 9 0 0 8 0 0 0 0 5 0 0 0 0 0.571387758017 0.0 0.0 0.0 0.0
0 0 3 5 0 0 0 0 0 0 6 0 0 0 0 3 0 0 0 0 1.99933355548 0.0 0.0 0.0 0.0
0 0 1 1 0 0 0 0 0 0 0 0 0 0 0 0 0 0 0 0 0.0 0.0 0.0 0.0 0.0
0 3 1 6 0 0 0 0 0 0 0 0 0 0 0 0 0 0 0 0 0.0 0.0 0.0 0.0 0.0
0 1 3 74 0 0 0 1 0 0 4 0 0 0 0 3 0 0 0 0 1.33288903699 0.0 0.0 0.0 0.0
0 1 1 3 0 0 0 0 0 0 0 0 0 0 0 0 0 0 0 0 0.0 0.0 0.0 0.0 0.0
1 9 4 13 0 0 0 0 1 0 45 0 0 0 0 36 0 0 0 0 11.2471882029 0.0 0.0 0.0 0.0
13 5 55 198 4 0 0 0 0 0 1721 7 1 0 23 926 6 1 0 15 31.2903401756 0.127270413265 0.0181814876093 0.0 0.418174215014
0 0 1 1 0 0 0 0 0 0 1 0 0 0 0 1 0 0 0 0 0.999000999001 0.0 0.0 0.0 0.0
0 1 12 0 0 0 0 0 0 0 3 0 0 0 0 2 0 0 0 0 0.249979168403 0.0 0.0 0.0 0.0
0 0 14 48 0 1 0 0 0 0 46 1 0 0 0 8 1 0 0 0 3.2854796086 0.0714234697522 0.0 0.0 0.0
0 0 1 3 0 0 0 0 0 0 3 0 0 0 0 3 0 0 0 0 2.997002997 0.0 0.0 0.0 0.0
0 0 27 5 0 2 0 0 0 0 5 0 2 0 0 1 0 1 0 0 0.185178326729 0.0 0.0740713306915 0.0 0.0
0 0 1 0 0 0 0 0 0 0 0 0 0 0 0 0 0 0 0 0 0.0 0.0 0.0 0.0 0.0
1 2 0 288 0 0 0 0 0 0 0 0 0 0 0 0 0 0 0 0 0.0 0.0 0.0 0.0 0.0
0 0 1 12 0 0 0 0 0 0 5 0 0 0 0 5 0 0 0 0 4.995004995 0.0 0.0 0.0 0.0
0 5 1 4 0 0 0 0 0 0 2 0 0 0 1 2 0 0 0 1 1.998001998 0.0 0.0 0.0 0.999000999001
0 0 1 0 0 1 0 0 0 0 0 0 1 0 0 0 0 1 0 0 0.0 0.0 0.999000999001 0.0 0.0
1 88 0 13 0 0 0 2 0 0 0 0 0 0 0 0 0 0 0 0 0.0 0.0 0.0 0.0 0.0
0 0 1 1 0 0 0 0 0 0 1 0 0 0 0 1 0 0 0 0 0.999000999001 0.0 0.0 0.0 0.0
0 0 1 0 0 0 0 0 0 0 0 0 0 0 0 0 0 0 0 0 0.0 0.0 0.0 0.0 0.0
0 0 1 0 0 0 0 0 0 0 0 0 0 0 0 0 0 0 0 0 0.0 0.0 0.0 0.0 0.0
0 0 1 1 0 0 0 0 0 0 0 0 0 0 0 0 0 0 0 0 0.0 0.0 0.0 0.0 0.0
2 3 0 24 0 0 0 0 1 0 0 0 0 0 0 0 0 0 0 0 0.0 0.0 0.0 0.0 0.0
0 0 1 5 0 0 0 0 0 0 3 0 0 0 0 3 0 0 0 0 2.997002997 0.0 0.0 0.0 0.0
3 16 4 45 0 0 0 21 0 0 5 0 0 0 0 2 0 0 0 0 1.24968757811 0.0 0.0 0.0 0.0
0 2 1 0 0 0 0 0 0 0 0 0 0 0 0 0 0 0 0 0 0.0 0.0 0.0 0.0 0.0
1 7 54 26 0 0 0 1 0 0 28 0 0 0 0 3 0 0 0 0 0.518508916502 0.0 0.0 0.0 0.0
0 0 4 1 0 0 0 0 0 0 2 0 0 0 0 2 0 0 0 0 0.499875031242 0.0 0.0 0.0 0.0
0 1 0 12 0 0 0 3 0 0 0 0 0 0 0 0 0 0 0 0 0.0 0.0 0.0 0.0 0.0
0 1 2 5 0 0 0 0 0 0 3 0 0 0 0 2 0 0 0 0 1.49925037481 0.0 0.0 0.0 0.0
0 0 0 13 0 0 0 0 0 0 0 0 0 0 0 0 0 0 0 0 0.0 0.0 0.0 0.0 0.0
0 0 1 1 0 0 0 0 0 0 0 0 0 0 0 0 0 0 0 0 0.0 0.0 0.0 0.0 0.0
0 1 1 1 0 0 0 0 0 0 0 0 0 0 0 0 0 0 0 0 0.0 0.0 0.0 0.0 0.0
0 0 1 3 0 0 0 2 0 0 0 0 0 0 0 0 0 0 0 0 0.0 0.0 0.0 0.0 0.0
0 0 0 18 0 0 0 0 0 0 0 0 0 0 0 0 0 0 0 0 0.0 0.0 0.0 0.0 0.0
0 0 1 1 0 0 0 0 0 0 0 0 0 0 0 0 0 0 0 0 0.0 0.0 0.0 0.0 0.0
2 11 104 330 0 1 0 1 1 0 340 1 3 1 1 17 1 1 1 1 3.26919933462 0.00961529216065 0.028845876482 0.00961529216065 0.00961529216065
0 0 1 1 0 0 0 0 0 0 0 0 0 0 0 0 0 0 0 0 0.0 0.0 0.0 0.0 0.0
0 2 9 2 0 0 0 0 0 0 4 0 0 0 0 2 0 0 0 0 0.444395067215 0.0 0.0 0.0 0.0
0 0 0 12 0 0 0 0 0 0 0 0 0 0 0 0 0 0 0 0 0.0 0.0 0.0 0.0 0.0
27 0 0 27 0 0 0 0 1 0 0 0 0 0 0 0 0 0 0 0 0.0 0.0 0.0 0.0 0.0
1 1 16 14 0 1 0 0 0 0 14 0 0 0 0 2 0 0 0 0 0.874945315918 0.0 0.0 0.0 0.0
7 2 7 122 0 1 0 4 0 0 133 1 3 0 10 56 1 3 0 4 18.997286102 0.142836737609 0.428510212827 0.0 1.42836737609
4 0 221 206 0 0 0 0 0 0 238 0 0 0 4 23 0 0 0 1 1.07691820399 0.0 0.0 0.0 0.0180994656133
