0.0024
0.0025
0.0081
0.0008
0.0011
0.0029
0.0686
0.0193
0.0146
0.4965
0.0028
0.0023
0.0025
0.0014
0.0414
0.0011
0.0025
0.0069
0.0344
0.0138
0.0006
0.0083
0.0029
0.1019
0.0011
0.0015
0.0185
0.0016
0.1705
0.0016
0.0014
0.0009
0.0006
0.0006
0.0064
0.0000
0.0310
0.0026
0.0008
0.0181
0.0011
0.0023
0.0134
0.0008
0.1196
0.0068
0.0071
0.1919
0.1309
0.0014
0.0026
0.0009
0.0066
0.0033
0.0069
0.0006
0.2766
0.2124
0.0071
0.0028
0.0025
0.0009
0.0159
0.2133
0.0006
0.0008
0.0016
0.0158
0.0079
0.0065
0.3011
0.0011
0.0845
0.0021
0.0348
0.0010
0.0066
0.0006
0.0006
0.0076
0.0030
0.0080
0.0014
0.0069
0.0011
0.0130
0.0014
0.0026
0.0008
0.0018
0.1650
0.0069
0.0851
0.0010
0.0175
0.0260
0.0064
0.1226
0.0083
0.0064
0.0101
0.0009
0.0000
0.1465
0.0030
0.0075
0.0025
0.0065
0.0031
0.0015
0.0071
0.0644
0.0079
0.0013
0.0641
0.0010
0.0015
0.0006
0.0006
0.0190
0.0013
0.0208
0.0029
0.1331
0.0078
0.0203
0.0010
0.0093
0.0009
0.0920
0.0133
0.0011
0.0010
0.0190
0.0253
0.0365
0.0015
0.0015
0.0209
0.0133
0.0008
0.0074
0.0009
0.0006
0.0083
0.0030
0.0011
0.0025
0.0076
0.0021
0.0011
0.0011
0.0006
0.0153
0.0006
0.0128
0.0008
0.6774
0.0068
0.0000
0.0008
0.0131
0.0006
0.0213
0.0016
0.0208
0.1245
0.0064
0.0029
0.0009
0.0021
0.0095
0.0026
0.0136
0.0014
0.0015
0.0398
0.0011
0.0016
0.3305
0.0030
0.0141
0.0084
0.0008
0.0153
0.0013
0.0153
0.0010
0.1379
0.0014
0.0111
0.0079
0.0149
0.0190
0.0069
0.0064
0.0015
0.0014
0.0513
0.0065
0.0070
0.0008
0.0006
0.1180
0.0075
0.0016
0.0261
0.0016
0.0145
0.0006
0.0025
0.0068
0.0033
0.0010
0.0013
0.0214
0.0203
0.3205
0.0006
0.0009
0.0009
0.0024
0.0180
0.0011
0.0075
0.0078
0.0006
0.0033
0.0119
0.0108
0.0394
0.0000
0.0093
0.1726
0.2389
0.0014
0.0006
0.0024
0.2049
0.0130
0.0015
0.0075
0.0010
0.0006
0.0021
0.4003
0.0075
0.0016
0.0190
0.0011
0.0014
0.7708
0.0086
0.0018
0.0006
0.0280
0.0006
0.0014
0.9824
0.0014
0.0071
0.0136
0.0719
0.1018
0.0006
0.0069
0.0009
0.0010
0.0018
0.0028
0.0006
0.0006
0.0009
0.0014
0.0030
0.0461
0.0006
0.0031
0.0006
0.0075
0.0076
0.0070
0.0158
0.0008
0.0656
0.0006
0.0083
0.0068
0.0015
0.0023
0.0711
0.0006
0.0008
0.0013
0.0245
0.0013
0.0006
0.0029
0.0028
0.0066
0.0244
0.0026
0.0170
0.0010
0.1309
0.0160
0.0073
0.0006
0.0078
0.0064
0.0128
0.0201
0.0106
0.0015
0.0000
0.0018
0.0134
0.0006
0.0024
0.0066
0.0006
0.0024
0.0023
0.0026
0.0083
0.0008
0.0096
0.0165
0.0029
0.0080
0.0008
0.0016
0.0086
0.0014
0.0079
0.0011
0.0006
0.0024
0.4504
0.0160
0.0076
0.0006
0.0648
0.0015
0.1055
0.1161
0.0096
0.0014
0.0126
0.0139
0.0173
0.0013
0.0155
0.0015
0.0201
0.0128
0.0008
0.0865
0.0493
0.0026
0.0008
0.0006
0.0006
0.0199
0.0281
0.0028
0.0016
0.0026
0.0015
0.0066
0.0006
0.0015
0.0163
0.0009
0.0030
0.0150
0.0216
0.0169
0.0013
0.0018
0.0014
0.0006
0.0225
0.0013
0.0000
0.0179
0.0068
0.0023
0.0018
0.0066
0.1153
0.0219
0.0011
0.0069
0.0010
0.0014
0.0265
0.0064
0.0008
0.0079
0.0008
0.0006
0.0011
0.0078
0.0146
0.0006
0.0023
0.0008
0.0013
0.1409
0.0009
0.0030
0.0008
0.0194
0.0006
0.0026
0.0006
0.0068
0.0029
0.0008
0.0018
0.0013
0.0178
0.0238
0.0169
0.0081
0.0011
0.0165
0.0010
0.0013
0.1321
0.0123
0.0064
0.0006
0.0016
0.0950
0.0079
0.0088
0.1445
0.0134
0.0006
0.0283
0.0008
0.1415
0.0013
0.0278
0.0008
0.0006
0.0065
0.0025
0.0006
0.0073
0.1431
0.0164
0.0198
0.0150
0.0066
0.0024
0.0071
0.0088
0.0006
0.0176
0.0419
0.0074
0.1011
0.0010
0.2573
0.0126
0.0173
0.0066
0.0014
0.1519
0.0188
0.0141
0.0284
0.0245
0.0066
0.0018
0.0008
0.0010
0.0064
0.2714
0.0010
0.0014
0.0064
0.1363
0.0073
0.0006
0.0089
0.0008
0.0138
0.0013
0.0633
0.0954
0.0088
0.0006
0.0011
0.0813
0.0293
0.1694
0.0006
0.0010
0.0186
0.0009
0.1596
0.0080
0.0074
0.0015
0.0011
0.0024
0.0031
0.0288
0.0736
0.1519
0.0013
0.0031
0.0006
0.0064
0.0066
0.6566
0.0015
0.0138
0.0030
0.0103
0.0029
0.0129
0.0073
0.0009
0.0006
0.0024
0.0008
0.1341
0.0755
0.0066
0.0164
0.0075
0.0024
0.0026
0.0129
0.0008
0.4244
0.0871
0.0740
0.0028
0.0184
0.0006
0.0006
0.0079
0.2423
0.0069
0.0086
0.0033
0.1310
0.1005
0.0070
0.0014
0.0024
0.0025
0.0014
0.0151
0.0079
0.0661
0.0006
0.0011
0.0000
0.0014
0.0008
0.0010
0.0013
0.0028
0.0068
0.0671
0.0028
0.0081
0.0628
0.0031
0.0084
0.1260
0.0006
0.0031
0.0211
0.0013
0.0031
0.0011
0.0008
0.0065
0.0013
0.0018
0.0678
0.0015
0.0016
0.0030
0.0024
0.0114
0.0015
0.0083
0.0009
0.0016
0.0015
0.0014
0.0026
0.0014
0.0074
0.0334
0.0009
0.0025
0.0011
0.0676
0.0015
0.0026
0.0008
0.0021
0.0008
0.0075
0.0031
0.0080
0.0064
0.0100
0.0068
0.0069
0.0009
0.0010
0.0901
0.0011
0.0066
0.0026
0.0065
0.0018
0.0774
0.0006
0.0076
0.0018
0.0068
0.0014
0.0014
0.0030
0.0135
0.0013
0.0006
0.0066
0.0014
0.0010
0.1988
0.0006
0.0010
0.0129
0.0010
0.0024
0.0013
0.0068
0.0008
0.0033
0.0090
0.0010
0.0173
0.0071
0.1076
0.0015
0.0006
0.0076
0.0099
0.0201
0.1678
0.0013
0.0006
0.0015
0.0078
0.1466
0.0026
0.0008
0.0025
0.0081
0.0031
0.1343
0.0008
0.0260
0.0114
0.1395
0.0015
0.2064
0.0065
0.0011
0.0120
0.0000
0.0128
0.1503
0.0090
0.0168
0.0000
0.0066
0.0010
0.0195
0.0068
0.0165
0.0796
0.2784
0.1139
0.1463
0.0715
0.0006
0.0158
0.0065
0.0245
0.0016
0.4516
0.0073
0.0279
0.0201
0.0028
0.0014
0.0006
0.0025
0.0128
0.0014
0.0703
0.0008
0.0161
0.0678
0.0010
0.0124
0.0810
0.6454
0.0146
0.0029
0.0029
0.0006
0.0014
0.0069
0.0156
0.0096
0.0144
0.0021
0.0029
0.0030
0.0013
0.0031
0.0303
0.0206
0.0016
0.0085
0.0174
0.0028
0.0074
0.0010
0.0115
0.0006
0.0094
0.0141
0.0634
0.0006
0.0006
0.0010
0.1348
0.0069
0.0008
0.0216
0.0024
0.0014
0.0009
0.3880
0.0173
0.0006
0.0015
0.0069
0.0006
0.0011
0.0006
0.0015
0.0006
0.0071
0.1694
0.0030
0.0064
0.0006
0.0129
0.0009
0.0006
0.2724
0.0006
0.0199
0.0089
0.0076
0.0073
0.0010
0.0023
0.0009
0.0083
0.0029
0.0089
0.0016
0.0898
0.0073
0.0066
0.0100
0.0008
0.0023
0.0144
0.0190
0.1198
0.0011
0.0008
0.0029
0.0006
0.0065
0.0074
0.0736
0.0008
0.0015
0.0645
0.2185
0.0068
0.0209
0.1629
0.0009
0.0008
0.0015
0.0011
0.0191
0.0010
0.0075
0.0064
0.0340
0.0006
0.0013
0.0130
0.0013
0.0013
0.2999
0.0189
0.0013
0.0213
0.1740
0.0233
0.0018
0.0249
0.0024
0.1453
0.0674
0.1736
0.0719
0.0089
0.0006
0.0016
0.0006
0.0828
0.0013
0.0280
0.0014
0.0175
0.0075
0.0025
0.0016
0.0023
0.0820
0.0014
0.0006
0.0028
0.0011
0.0015
0.0024
0.0118
0.0011
0.0011
0.0014
0.0863
0.0081
0.0013
0.0065
0.0006
0.0078
0.0071
0.0006
0.0015
0.0006
0.0070
0.0690
0.0656
0.0139
0.0009
0.0065
0.0016
0.0939
0.0069
0.0013
0.0010
0.1478
0.0133
0.0006
0.0023
0.0015
0.0955
0.1605
0.0006
0.1064
0.0010
0.0008
0.1818
0.0078
0.0013
0.0018
0.0084
0.0129
0.0011
0.0860
0.0023
0.0025
0.0065
0.0203
0.0765
0.0140
0.0006
0.0071
0.0346
0.0024
0.0079
0.0008
0.0011
0.0025
0.0111
0.0028
0.0068
0.0010
0.0009
0.0011
0.0026
0.0008
0.0008
0.0014
0.0025
0.0066
0.0006
0.0168
0.1636
0.0073
0.0016
0.0128
0.0030
0.0069
0.0788
0.0026
0.0795
0.0018
0.0015
0.0136
0.0010
0.0223
0.0006
0.1840
0.0201
0.0108
0.0026
0.0066
0.0000
0.2543
0.0076
0.0069
0.0081
0.0656
0.0068
0.0066
0.0006
0.0031
0.0010
0.0030
0.0558
0.0800
0.3253
0.0030
0.0066
0.0096
0.0148
0.0030
0.0006
0.0010
0.0144
0.0009
0.0074
0.1261
0.0070
0.0079
0.0129
0.0008
0.0170
0.0015
0.0279
0.0014
0.0010
0.0008
0.0025
0.0014
0.0006
0.0006
0.0006
0.0066
0.0011
0.0144
0.0006
0.0634
0.0026
0.0023
0.0131
0.0014
0.0011
0.0006
0.0014
0.0016
0.0014
0.1348
0.0006
0.0064
0.0013
0.0076
0.0164
0.0204
0.2110
