0.0084
0.0129
0.0011
0.0860
0.0023
0.0025
0.0065
0.0203
0.0765
0.0140
0.0006
0.0071
0.0346
0.0024
0.0079
0.0008
0.0011
0.0025
0.0111
0.0028
0.0068
0.0010
0.0009
0.0011
0.0026
0.0008
0.0008
0.0014
0.0025
0.0066
0.0006
0.0168
0.1636
0.0073
0.0016
0.0128
0.0030
0.0069
0.0788
0.0026
0.0795
0.0018
0.0015
0.0136
0.0010
0.0223
0.0006
0.1840
0.0201
0.0108
0.0026
0.0066
0.0000
0.2543
0.0076
0.0069
0.0081
0.0656
0.0068
0.0066
0.0006
0.0031
0.0010
0.0030
0.0558
0.0800
0.3253
0.0030
0.0066
0.0096
0.0148
0.0030
0.0006
0.0010
0.0144
0.0009
0.0074
0.1261
0.0070
0.0079
0.0129
0.0008
0.0170
0.0015
0.0279
0.0014
0.0010
0.0008
0.0025
0.0014
0.0006
0.0006
0.0006
0.0066
0.0011
0.0144
0.0006
0.0634
0.0026
0.0023
0.0131
0.0014
0.0011
0.0006
0.0014
0.0016
0.0014
0.1348
0.0006
0.0064
0.0013
0.0076
0.0164
0.0204
0.2110
